<!-- kv3 encoding:text:version{e21c7f3c-8a33-41c5-9977-a76d3a32aa0d} format:generic:version{7412167c-06e9-4698-aff2-e63eb59037e7} -->
{
	_class = "CRenderMesh"
	m_sceneObjects = 
	[
		
		{
			m_vMinBounds = 
			[
				-24.010548,
				-83.032501,
				-2.091382,
			]
			m_vMaxBounds = 
			[
				83.139214,
				61.898842,
				424.490997,
			]
			m_drawCalls = 
			[
				
				{
					m_nPrimitiveType = "RENDER_PRIM_TRIANGLES"
					m_nBaseVertex = 0
					m_nVertexCount = 6753
					m_nStartIndex = 0
					m_nIndexCount = 31764
					m_nStartInstance = 0
					m_nInstanceCount = 0
					m_flUvDensity = 244.311371
					m_vTintColor = 
					[
						1.000000,
						1.000000,
						1.000000,
					]
					m_CullDataIndex = -1
					m_indexBuffer = 
					{
						m_hBuffer = 0
						m_nBindOffsetBytes = 0
					}
					m_material = resource:"models/creeps/ice_biome/frostbitten/n_creep_frostbitten01.vmat"
					m_vertexBuffers = 
					[
						
						{
							m_hBuffer = 0
							m_nBindOffsetBytes = 0
						},
					]
					m_bUseCompressedNormalTangent = true
				},
			]
			m_drawCullData = 
			[
			]
			m_vTintColor = 
			[
				0.000000,
				0.000000,
				0.000000,
				0.000000,
			]
		},
	]
	m_constraints = 
	[
	]
	m_skeleton = 
	{
		m_bones = 
		[
			
			{
				m_boneName = "root"
				m_parentName = ""
				m_invBindPose = 
				[
					1.000000,
					0.000000,
					0.000000,
					-13.632213,
					0.000000,
					1.000000,
					0.000000,
					-0.544879,
					0.000000,
					0.000000,
					1.000000,
					-75.445259,
				]
				m_bbox = 
				{
					m_vecCenter = 
					[
						2.267939,
						-0.493900,
						4.181246,
					]
					m_vecSize = 
					[
						32.880455,
						29.511692,
						48.050629,
					]
				}
				m_flSphereRadius = 63.992302
			},
			
			{
				m_boneName = "spine1"
				m_parentName = "root"
				m_invBindPose = 
				[
					-0.309138,
					0.000000,
					0.951017,
					-84.749825,
					0.000000,
					1.000000,
					-0.000000,
					-0.544877,
					-0.951017,
					-0.000000,
					-0.309138,
					33.117458,
				]
				m_bbox = 
				{
					m_vecCenter = 
					[
						0.358999,
						-3.692451,
						-11.168339,
					]
					m_vecSize = 
					[
						43.361069,
						34.592297,
						38.278229,
					]
				}
				m_flSphereRadius = 52.009785
			},
			
			{
				m_boneName = "spine2"
				m_parentName = "spine1"
				m_invBindPose = 
				[
					0.061607,
					-0.000000,
					0.998101,
					-105.084564,
					-0.000000,
					1.000000,
					0.000000,
					-0.544888,
					-0.998101,
					-0.000000,
					0.061607,
					-5.873474,
				]
				m_bbox = 
				{
					m_vecCenter = 
					[
						0.336948,
						-2.626225,
						-13.210169,
					]
					m_vecSize = 
					[
						29.977413,
						38.848625,
						34.540916,
					]
				}
				m_flSphereRadius = 50.385090
			},
			
			{
				m_boneName = "spine3"
				m_parentName = "spine2"
				m_invBindPose = 
				[
					0.715973,
					-0.000000,
					0.698128,
					-86.228676,
					-0.000000,
					1.000000,
					0.000000,
					-0.544896,
					-0.698128,
					-0.000000,
					0.715973,
					-86.089859,
				]
				m_bbox = 
				{
					m_vecCenter = 
					[
						12.279358,
						-2.959846,
						-2.597206,
					]
					m_vecSize = 
					[
						43.105232,
						39.182247,
						49.655891,
					]
				}
				m_flSphereRadius = 56.979210
			},
			
			{
				m_boneName = "clavicle_R"
				m_parentName = "spine3"
				m_invBindPose = 
				[
					0.429405,
					0.639082,
					-0.638111,
					85.758423,
					0.570828,
					-0.739594,
					-0.356590,
					39.554256,
					-0.699833,
					-0.211130,
					-0.682391,
					104.003723,
				]
				m_bbox = 
				{
					m_vecCenter = 
					[
						-12.154381,
						-0.400257,
						4.069256,
					]
					m_vecSize = 
					[
						24.901100,
						33.956825,
						32.667828,
					]
				}
				m_flSphereRadius = 42.754471
			},
			
			{
				m_boneName = "Base_JNT"
				m_parentName = "clavicle_R"
				m_invBindPose = 
				[
					-0.000000,
					1.000000,
					-0.000000,
					0.000013,
					-0.000000,
					0.000000,
					1.000000,
					-0.000092,
					1.000000,
					0.000000,
					0.000000,
					-0.000043,
				]
				m_bbox = 
				{
					m_vecCenter = 
					[
						0.000000,
						0.000000,
						0.000000,
					]
					m_vecSize = 
					[
						0.000000,
						0.000000,
						0.000000,
					]
				}
				m_flSphereRadius = 0.000000
			},
			
			{
				m_boneName = "bicep_R"
				m_parentName = "clavicle_R"
				m_invBindPose = 
				[
					0.389787,
					0.619657,
					0.681242,
					-95.055023,
					-0.800650,
					-0.137466,
					0.583149,
					-91.110603,
					0.455000,
					-0.772741,
					0.442546,
					-85.047234,
				]
				m_bbox = 
				{
					m_vecCenter = 
					[
						-30.301659,
						-12.870775,
						4.474791,
					]
					m_vecSize = 
					[
						45.703545,
						25.247438,
						27.862207,
					]
				}
				m_flSphereRadius = 78.554581
			},
			
			{
				m_boneName = "Root0_JNT"
				m_parentName = "Base_JNT"
				m_invBindPose = 
				[
					0.564839,
					0.000151,
					0.825201,
					-24.293135,
					0.825201,
					-0.000667,
					-0.564840,
					20.239637,
					0.000465,
					1.000000,
					-0.000501,
					0.017149,
				]
				m_bbox = 
				{
					m_vecCenter = 
					[
						0.000000,
						0.000000,
						0.000000,
					]
					m_vecSize = 
					[
						0.000000,
						0.000000,
						0.000000,
					]
				}
				m_flSphereRadius = 0.000000
			},
			
			{
				m_boneName = "elbow_R"
				m_parentName = "bicep_R"
				m_invBindPose = 
				[
					-0.578091,
					0.432933,
					-0.691651,
					99.818954,
					-0.800651,
					-0.137466,
					0.583149,
					-91.110558,
					0.157385,
					0.890884,
					0.426095,
					-12.038315,
				]
				m_bbox = 
				{
					m_vecCenter = 
					[
						-18.547745,
						-5.070934,
						0.539320,
					]
					m_vecSize = 
					[
						39.876221,
						17.447582,
						29.574656,
					]
				}
				m_flSphereRadius = 58.648575
			},
			
			{
				m_boneName = "Spine0_JNT"
				m_parentName = "Root0_JNT"
				m_invBindPose = 
				[
					0.193253,
					-0.000000,
					0.981149,
					-32.667892,
					0.981149,
					-0.000475,
					-0.193253,
					6.779439,
					0.000465,
					1.000000,
					-0.000092,
					0.002684,
				]
				m_bbox = 
				{
					m_vecCenter = 
					[
						0.000000,
						0.000000,
						0.000000,
					]
					m_vecSize = 
					[
						0.000000,
						0.000000,
						0.000000,
					]
				}
				m_flSphereRadius = 0.000000
			},
			
			{
				m_boneName = "wrist_R"
				m_parentName = "elbow_R"
				m_invBindPose = 
				[
					-0.517598,
					0.548779,
					-0.656456,
					142.204742,
					-0.789746,
					-0.601633,
					0.119746,
					-48.199486,
					-0.329231,
					0.580414,
					0.744800,
					-76.112228,
				]
				m_bbox = 
				{
					m_vecCenter = 
					[
						1.202011,
						-5.311639,
						-3.530970,
					]
					m_vecSize = 
					[
						26.954620,
						15.810735,
						13.795160,
					]
				}
				m_flSphereRadius = 31.164268
			},
			
			{
				m_boneName = "Spine1_JNT"
				m_parentName = "Spine0_JNT"
				m_invBindPose = 
				[
					0.178958,
					-0.000000,
					0.983857,
					-38.381657,
					0.983857,
					-0.000475,
					-0.178958,
					6.221721,
					0.000467,
					1.000000,
					-0.000085,
					0.002407,
				]
				m_bbox = 
				{
					m_vecCenter = 
					[
						0.000000,
						0.000000,
						0.000000,
					]
					m_vecSize = 
					[
						0.000000,
						0.000000,
						0.000000,
					]
				}
				m_flSphereRadius = 0.000000
			},
			
			{
				m_boneName = "clavicle_L"
				m_parentName = "spine3"
				m_invBindPose = 
				[
					0.758289,
					0.579925,
					-0.297801,
					26.193146,
					-0.201607,
					0.643019,
					0.738838,
					-101.846428,
					0.619962,
					-0.500214,
					0.604510,
					-81.771461,
				]
				m_bbox = 
				{
					m_vecCenter = 
					[
						8.755997,
						-1.087143,
						-6.623398,
					]
					m_vecSize = 
					[
						30.113743,
						20.486115,
						26.508255,
					]
				}
				m_flSphereRadius = 46.065350
			},
			
			{
				m_boneName = "staff_1"
				m_parentName = "wrist_R"
				m_invBindPose = 
				[
					-0.356723,
					0.934158,
					0.009933,
					73.025047,
					-0.933934,
					-0.356855,
					0.020552,
					-0.077943,
					0.022743,
					-0.001946,
					0.999740,
					-163.802200,
				]
				m_bbox = 
				{
					m_vecCenter = 
					[
						9.287426,
						8.495500,
						47.770363,
					]
					m_vecSize = 
					[
						22.372105,
						22.757988,
						213.148956,
					]
				}
				m_flSphereRadius = 262.487183
			},
			
			{
				m_boneName = "Spine2_JNT"
				m_parentName = "Spine1_JNT"
				m_invBindPose = 
				[
					0.490139,
					-0.000000,
					0.871644,
					-43.662991,
					0.871644,
					-0.000475,
					-0.490139,
					21.650867,
					0.000414,
					1.000000,
					-0.000233,
					0.009720,
				]
				m_bbox = 
				{
					m_vecCenter = 
					[
						0.000000,
						0.000000,
						0.000000,
					]
					m_vecSize = 
					[
						0.000000,
						0.000000,
						0.000000,
					]
				}
				m_flSphereRadius = 0.000000
			},
			
			{
				m_boneName = "LeftLeg0_JNT"
				m_parentName = "Root0_JNT"
				m_invBindPose = 
				[
					0.382863,
					0.334546,
					-0.861101,
					23.723923,
					-0.720863,
					-0.474742,
					-0.504952,
					14.070061,
					-0.577731,
					0.814064,
					0.059400,
					-6.176519,
				]
				m_bbox = 
				{
					m_vecCenter = 
					[
						0.000000,
						0.000000,
						0.000000,
					]
					m_vecSize = 
					[
						0.000000,
						0.000000,
						0.000000,
					]
				}
				m_flSphereRadius = 0.000000
			},
			
			{
				m_boneName = "RightLeg0_JNT"
				m_parentName = "Root0_JNT"
				m_invBindPose = 
				[
					-0.382865,
					0.334546,
					0.861100,
					-23.723869,
					0.720862,
					-0.474742,
					0.504954,
					-14.070061,
					0.577731,
					0.814064,
					-0.059399,
					6.176451,
				]
				m_bbox = 
				{
					m_vecCenter = 
					[
						0.000000,
						0.000000,
						0.000000,
					]
					m_vecSize = 
					[
						0.000000,
						0.000000,
						0.000000,
					]
				}
				m_flSphereRadius = 0.000000
			},
			
			{
				m_boneName = "Tail0_JNT"
				m_parentName = "Root0_JNT"
				m_invBindPose = 
				[
					-0.725624,
					0.000000,
					-0.688092,
					14.128451,
					0.667973,
					-0.240043,
					-0.704409,
					28.382992,
					-0.165171,
					-0.970763,
					0.174181,
					-7.018318,
				]
				m_bbox = 
				{
					m_vecCenter = 
					[
						0.000000,
						0.000000,
						0.000000,
					]
					m_vecSize = 
					[
						0.000000,
						0.000000,
						0.000000,
					]
				}
				m_flSphereRadius = 0.000000
			},
			
			{
				m_boneName = "bicep_L"
				m_parentName = "clavicle_L"
				m_invBindPose = 
				[
					0.037264,
					0.424541,
					-0.904642,
					107.001823,
					-0.230663,
					-0.877170,
					-0.421150,
					75.107315,
					-0.972320,
					0.224361,
					0.065239,
					9.025816,
				]
				m_bbox = 
				{
					m_vecCenter = 
					[
						30.123592,
						5.396992,
						-0.045324,
					]
					m_vecSize = 
					[
						48.703190,
						21.176945,
						28.546268,
					]
				}
				m_flSphereRadius = 81.247353
			},
			
			{
				m_boneName = "loinCloth_R0C1"
				m_parentName = "root"
				m_invBindPose = 
				[
					-0.093102,
					0.000000,
					-0.995656,
					73.381592,
					0.995656,
					-0.000000,
					-0.093102,
					-16.166172,
					-0.000001,
					-1.000000,
					0.000000,
					6.887027,
				]
				m_bbox = 
				{
					m_vecCenter = 
					[
						-3.518787,
						-2.380392,
						5.571515,
					]
					m_vecSize = 
					[
						37.705349,
						24.491083,
						21.830750,
					]
				}
				m_flSphereRadius = 50.930145
			},
			
			{
				m_boneName = "loinCloth_R0C0"
				m_parentName = "root"
				m_invBindPose = 
				[
					-0.093102,
					0.000000,
					-0.995656,
					73.381592,
					0.995656,
					-0.000000,
					-0.093102,
					-16.166180,
					-0.000001,
					-1.000000,
					0.000000,
					-7.246840,
				]
				m_bbox = 
				{
					m_vecCenter = 
					[
						10.156082,
						3.702436,
						-2.420444,
					]
					m_vecSize = 
					[
						15.823196,
						8.489450,
						15.173351,
					]
				}
				m_flSphereRadius = 28.892361
			},
			
			{
				m_boneName = "thigh_R"
				m_parentName = "root"
				m_invBindPose = 
				[
					-0.384259,
					0.191416,
					0.903164,
					-55.809101,
					0.274154,
					0.957801,
					-0.086354,
					17.417147,
					-0.881581,
					0.214424,
					-0.420521,
					45.832756,
				]
				m_bbox = 
				{
					m_vecCenter = 
					[
						-17.584991,
						8.372151,
						9.151180,
					]
					m_vecSize = 
					[
						36.639088,
						23.448612,
						21.762150,
					]
				}
				m_flSphereRadius = 57.629974
			},
			
			{
				m_boneName = "staff_skulls"
				m_parentName = "staff_1"
				m_invBindPose = 
				[
					1.000000,
					0.000000,
					0.000000,
					-49.174110,
					-0.000001,
					1.000000,
					-0.000000,
					98.895691,
					-0.000000,
					0.000000,
					1.000000,
					-212.924347,
				]
				m_bbox = 
				{
					m_vecCenter = 
					[
						0.000000,
						0.000000,
						0.000000,
					]
					m_vecSize = 
					[
						0.000000,
						0.000000,
						0.000000,
					]
				}
				m_flSphereRadius = 0.000000
			},
			
			{
				m_boneName = "Neck0_JNT"
				m_parentName = "Spine2_JNT"
				m_invBindPose = 
				[
					0.534803,
					-0.000000,
					0.844977,
					-51.400982,
					0.844977,
					-0.000475,
					-0.534803,
					24.356766,
					0.000401,
					1.000000,
					-0.000254,
					0.010979,
				]
				m_bbox = 
				{
					m_vecCenter = 
					[
						0.000000,
						0.000000,
						0.000000,
					]
					m_vecSize = 
					[
						0.000000,
						0.000000,
						0.000000,
					]
				}
				m_flSphereRadius = 0.000000
			},
			
			{
				m_boneName = "LeftArm0_JNT"
				m_parentName = "Spine2_JNT"
				m_invBindPose = 
				[
					0.153186,
					0.818218,
					-0.554124,
					18.509968,
					0.933131,
					-0.304341,
					-0.191427,
					5.499774,
					-0.325271,
					-0.487746,
					-0.810125,
					46.294159,
				]
				m_bbox = 
				{
					m_vecCenter = 
					[
						0.000000,
						0.000000,
						0.000000,
					]
					m_vecSize = 
					[
						0.000000,
						0.000000,
						0.000000,
					]
				}
				m_flSphereRadius = 0.000000
			},
			
			{
				m_boneName = "RightArm0_JNT"
				m_parentName = "Spine2_JNT"
				m_invBindPose = 
				[
					-0.153187,
					0.818218,
					0.554124,
					-18.510866,
					-0.933130,
					-0.304341,
					0.191427,
					-5.499415,
					0.325271,
					-0.487745,
					0.810125,
					-46.293598,
				]
				m_bbox = 
				{
					m_vecCenter = 
					[
						0.000000,
						0.000000,
						0.000000,
					]
					m_vecSize = 
					[
						0.000000,
						0.000000,
						0.000000,
					]
				}
				m_flSphereRadius = 0.000000
			},
			
			{
				m_boneName = "LeftLeg1_JNT"
				m_parentName = "LeftLeg0_JNT"
				m_invBindPose = 
				[
					-0.321359,
					-0.159959,
					-0.933350,
					17.343025,
					-0.750304,
					-0.558313,
					0.354020,
					0.895686,
					-0.577730,
					0.814064,
					0.059401,
					-6.176532,
				]
				m_bbox = 
				{
					m_vecCenter = 
					[
						0.000000,
						0.000000,
						0.000000,
					]
					m_vecSize = 
					[
						0.000000,
						0.000000,
						0.000000,
					]
				}
				m_flSphereRadius = 0.000000
			},
			
			{
				m_boneName = "RightLeg1_JNT"
				m_parentName = "RightLeg0_JNT"
				m_invBindPose = 
				[
					0.321356,
					-0.159959,
					0.933351,
					-17.343058,
					0.750305,
					-0.558314,
					-0.354017,
					-0.895714,
					0.577730,
					0.814064,
					-0.059399,
					6.176458,
				]
				m_bbox = 
				{
					m_vecCenter = 
					[
						0.000000,
						0.000000,
						0.000000,
					]
					m_vecSize = 
					[
						0.000000,
						0.000000,
						0.000000,
					]
				}
				m_flSphereRadius = 0.000000
			},
			
			{
				m_boneName = "Tail1_JNT"
				m_parentName = "Tail0_JNT"
				m_invBindPose = 
				[
					-0.728382,
					0.000000,
					-0.685172,
					8.775351,
					0.665227,
					-0.239522,
					-0.707179,
					28.421230,
					-0.164114,
					-0.970891,
					0.174464,
					-7.011580,
				]
				m_bbox = 
				{
					m_vecCenter = 
					[
						0.000000,
						0.000000,
						0.000000,
					]
					m_vecSize = 
					[
						0.000000,
						0.000000,
						0.000000,
					]
				}
				m_flSphereRadius = 0.000000
			},
			
			{
				m_boneName = "elbow_L"
				m_parentName = "bicep_L"
				m_invBindPose = 
				[
					0.721258,
					0.136391,
					-0.679106,
					36.873669,
					-0.230663,
					-0.877170,
					-0.421150,
					75.107330,
					-0.653132,
					0.460403,
					-0.601205,
					50.620815,
				]
				m_bbox = 
				{
					m_vecCenter = 
					[
						19.457617,
						3.013233,
						-0.436146,
					]
					m_vecSize = 
					[
						46.013214,
						17.230595,
						31.118340,
					]
				}
				m_flSphereRadius = 65.637993
			},
			
			{
				m_boneName = "neck1"
				m_parentName = "spine3"
				m_invBindPose = 
				[
					0.929260,
					0.148602,
					0.338220,
					-65.056259,
					-0.139640,
					0.988897,
					-0.050824,
					9.225021,
					-0.342017,
					-0.000000,
					0.939694,
					-124.077026,
				]
				m_bbox = 
				{
					m_vecCenter = 
					[
						4.804590,
						-5.902860,
						-4.017773,
					]
					m_vecSize = 
					[
						7.666311,
						20.384584,
						21.005810,
					]
				}
				m_flSphereRadius = 29.674898
			},
			
			{
				m_boneName = "thigh_L"
				m_parentName = "root"
				m_invBindPose = 
				[
					0.384487,
					0.190614,
					-0.903236,
					55.615978,
					-0.272701,
					0.958235,
					0.086138,
					-18.473478,
					0.881932,
					0.213194,
					0.420410,
					-46.042683,
				]
				m_bbox = 
				{
					m_vecCenter = 
					[
						20.467728,
						-9.273638,
						-5.427246,
					]
					m_vecSize = 
					[
						33.594616,
						21.295691,
						18.518467,
					]
				}
				m_flSphereRadius = 57.046951
			},
			
			{
				m_boneName = "backFlap_R0C0"
				m_parentName = "root"
				m_invBindPose = 
				[
					0.365649,
					-0.000000,
					-0.930753,
					80.092758,
					-0.930753,
					0.000000,
					-0.365649,
					27.045172,
					-0.000000,
					1.000000,
					0.000000,
					-0.544881,
				]
				m_bbox = 
				{
					m_vecCenter = 
					[
						18.398668,
						0.906299,
						0.493631,
					]
					m_vecSize = 
					[
						22.898081,
						17.636959,
						26.107555,
					]
				}
				m_flSphereRadius = 46.884800
			},
			
			{
				m_boneName = "loinCloth_R1C1"
				m_parentName = "loinCloth_R0C1"
				m_invBindPose = 
				[
					-0.093102,
					0.000000,
					-0.995656,
					69.716133,
					0.995656,
					-0.000001,
					-0.093102,
					-16.166159,
					-0.000001,
					-1.000000,
					0.000000,
					6.887033,
				]
				m_bbox = 
				{
					m_vecCenter = 
					[
						12.026917,
						5.774618,
						4.718465,
					]
					m_vecSize = 
					[
						22.929771,
						10.632137,
						18.674210,
					]
				}
				m_flSphereRadius = 39.556637
			},
			
			{
				m_boneName = "loinCloth_R1C0"
				m_parentName = "loinCloth_R0C0"
				m_invBindPose = 
				[
					-0.093102,
					0.000000,
					-0.995656,
					69.880219,
					0.995656,
					-0.000001,
					-0.093102,
					-16.166170,
					-0.000001,
					-1.000000,
					0.000000,
					-7.246833,
				]
				m_bbox = 
				{
					m_vecCenter = 
					[
						13.663666,
						3.698781,
						-4.803508,
					]
					m_vecSize = 
					[
						21.457108,
						12.707963,
						16.159269,
					]
				}
				m_flSphereRadius = 39.160206
			},
			
			{
				m_boneName = "knee_R"
				m_parentName = "thigh_R"
				m_invBindPose = 
				[
					0.663364,
					-0.123334,
					0.738064,
					-49.021805,
					0.274154,
					0.957801,
					-0.086354,
					17.417156,
					-0.696267,
					0.259628,
					0.669183,
					1.682734,
				]
				m_bbox = 
				{
					m_vecCenter = 
					[
						-12.441105,
						6.829482,
						7.507727,
					]
					m_vecSize = 
					[
						33.706554,
						16.728409,
						21.438374,
					]
				}
				m_flSphereRadius = 46.304840
			},
			
			{
				m_boneName = "staff_skull_top_R0C0"
				m_parentName = "staff_skulls"
				m_invBindPose = 
				[
					0.020784,
					0.038035,
					-0.999061,
					189.036240,
					0.999784,
					-0.000793,
					0.020768,
					-53.721565,
					-0.000002,
					-0.999276,
					-0.038043,
					-91.820320,
				]
				m_bbox = 
				{
					m_vecCenter = 
					[
						0.000000,
						0.000000,
						0.000000,
					]
					m_vecSize = 
					[
						0.000000,
						0.000000,
						0.000000,
					]
				}
				m_flSphereRadius = 0.000000
			},
			
			{
				m_boneName = "staff_skull_bottom_R0C0"
				m_parentName = "staff_skulls"
				m_invBindPose = 
				[
					-0.068868,
					-0.101225,
					-0.992477,
					178.778244,
					-0.033733,
					-0.994034,
					0.103725,
					-116.082779,
					-0.997055,
					0.040623,
					0.065042,
					39.595711,
				]
				m_bbox = 
				{
					m_vecCenter = 
					[
						0.000000,
						0.000000,
						0.000000,
					]
					m_vecSize = 
					[
						0.000000,
						0.000000,
						0.000000,
					]
				}
				m_flSphereRadius = 0.000000
			},
			
			{
				m_boneName = "Head0_JNT"
				m_parentName = "Neck0_JNT"
				m_invBindPose = 
				[
					0.024428,
					-0.000000,
					0.999702,
					-65.706329,
					0.999702,
					-0.000614,
					-0.024428,
					-10.977517,
					0.000614,
					1.000000,
					-0.000015,
					-0.007330,
				]
				m_bbox = 
				{
					m_vecCenter = 
					[
						0.000000,
						0.000000,
						0.000000,
					]
					m_vecSize = 
					[
						0.000000,
						0.000000,
						0.000000,
					]
				}
				m_flSphereRadius = 0.000000
			},
			
			{
				m_boneName = "LeftArm1_JNT"
				m_parentName = "LeftArm0_JNT"
				m_invBindPose = 
				[
					0.690781,
					0.462496,
					-0.555805,
					8.145686,
					0.645771,
					-0.740407,
					0.186489,
					0.667797,
					-0.325271,
					-0.487746,
					-0.810125,
					46.294231,
				]
				m_bbox = 
				{
					m_vecCenter = 
					[
						0.000000,
						0.000000,
						0.000000,
					]
					m_vecSize = 
					[
						0.000000,
						0.000000,
						0.000000,
					]
				}
				m_flSphereRadius = 0.000000
			},
			
			{
				m_boneName = "RightArm1_JNT"
				m_parentName = "RightArm0_JNT"
				m_invBindPose = 
				[
					-0.690781,
					0.462496,
					0.555805,
					-8.146155,
					-0.645770,
					-0.740407,
					-0.186489,
					-0.666966,
					0.325271,
					-0.487745,
					0.810125,
					-46.293686,
				]
				m_bbox = 
				{
					m_vecCenter = 
					[
						0.000000,
						0.000000,
						0.000000,
					]
					m_vecSize = 
					[
						0.000000,
						0.000000,
						0.000000,
					]
				}
				m_flSphereRadius = 0.000000
			},
			
			{
				m_boneName = "LeftLeg2_JNT"
				m_parentName = "LeftLeg1_JNT"
				m_invBindPose = 
				[
					0.866095,
					0.321152,
					-0.383069,
					0.839481,
					-0.327101,
					-0.215375,
					-0.920119,
					3.419553,
					-0.378002,
					0.922212,
					-0.081486,
					-6.032080,
				]
				m_bbox = 
				{
					m_vecCenter = 
					[
						0.000000,
						0.000000,
						0.000000,
					]
					m_vecSize = 
					[
						0.000000,
						0.000000,
						0.000000,
					]
				}
				m_flSphereRadius = 0.000000
			},
			
			{
				m_boneName = "RightLeg2_JNT"
				m_parentName = "RightLeg1_JNT"
				m_invBindPose = 
				[
					-0.866095,
					0.321152,
					0.383067,
					-0.839427,
					0.327099,
					-0.215376,
					0.920120,
					-3.419561,
					0.378001,
					0.922212,
					0.081487,
					6.032006,
				]
				m_bbox = 
				{
					m_vecCenter = 
					[
						0.000000,
						0.000000,
						0.000000,
					]
					m_vecSize = 
					[
						0.000000,
						0.000000,
						0.000000,
					]
				}
				m_flSphereRadius = 0.000000
			},
			
			{
				m_boneName = "Tail2_JNT"
				m_parentName = "Tail1_JNT"
				m_invBindPose = 
				[
					-0.783111,
					0.000000,
					-0.621882,
					-4.276933,
					0.604157,
					-0.237047,
					-0.760791,
					28.190361,
					-0.147415,
					-0.971499,
					0.185634,
					-6.878435,
				]
				m_bbox = 
				{
					m_vecCenter = 
					[
						0.000000,
						0.000000,
						0.000000,
					]
					m_vecSize = 
					[
						0.000000,
						0.000000,
						0.000000,
					]
				}
				m_flSphereRadius = 0.000000
			},
			
			{
				m_boneName = "wrist_L"
				m_parentName = "elbow_L"
				m_invBindPose = 
				[
					0.379748,
					-0.036128,
					-0.924385,
					34.096252,
					-0.557747,
					-0.806141,
					-0.197623,
					77.474396,
					-0.738045,
					0.590620,
					-0.326280,
					30.202919,
				]
				m_bbox = 
				{
					m_vecCenter = 
					[
						-3.764080,
						-4.855415,
						-2.999998,
					]
					m_vecSize = 
					[
						36.361492,
						14.738464,
						12.295588,
					]
				}
				m_flSphereRadius = 41.585201
			},
			
			{
				m_boneName = "head"
				m_parentName = "neck1"
				m_invBindPose = 
				[
					1.000000,
					0.000000,
					-0.000000,
					-34.054401,
					-0.000000,
					0.979960,
					-0.199193,
					26.234068,
					0.000000,
					0.199193,
					0.979960,
					-141.295578,
				]
				m_bbox = 
				{
					m_vecCenter = 
					[
						7.839121,
						-4.338555,
						-4.035759,
					]
					m_vecSize = 
					[
						31.193544,
						29.284714,
						33.931358,
					]
				}
				m_flSphereRadius = 47.102604
			},
			
			{
				m_boneName = "knee_L"
				m_parentName = "thigh_L"
				m_invBindPose = 
				[
					-0.663598,
					-0.122511,
					-0.737990,
					49.140324,
					-0.272701,
					0.958235,
					0.086138,
					-18.473473,
					0.696615,
					0.258411,
					-0.669292,
					-1.942228,
				]
				m_bbox = 
				{
					m_vecCenter = 
					[
						13.041578,
						-1.975514,
						-6.279418,
					]
					m_vecSize = 
					[
						33.423561,
						12.213384,
						25.183372,
					]
				}
				m_flSphereRadius = 46.655678
			},
			
			{
				m_boneName = "backFlap_R1C0"
				m_parentName = "backFlap_R0C0"
				m_invBindPose = 
				[
					-0.005862,
					-0.000000,
					-0.999983,
					80.551743,
					-0.999983,
					-0.000003,
					0.005862,
					-3.066470,
					-0.000003,
					1.000000,
					0.000000,
					-0.544891,
				]
				m_bbox = 
				{
					m_vecCenter = 
					[
						7.279709,
						3.521081,
						-2.413738,
					]
					m_vecSize = 
					[
						35.465759,
						11.030537,
						18.092953,
					]
				}
				m_flSphereRadius = 45.603252
			},
			
			{
				m_boneName = "loinCloth_R2C1"
				m_parentName = "loinCloth_R1C1"
				m_invBindPose = 
				[
					-0.093102,
					0.000000,
					-0.995656,
					60.371880,
					0.995656,
					-0.000001,
					-0.093102,
					-16.166153,
					-0.000001,
					-1.000000,
					0.000000,
					6.887032,
				]
				m_bbox = 
				{
					m_vecCenter = 
					[
						15.149441,
						2.798399,
						4.718463,
					]
					m_vecSize = 
					[
						29.716404,
						13.608362,
						18.674210,
					]
				}
				m_flSphereRadius = 45.677151
			},
			
			{
				m_boneName = "loinCloth_R2C0"
				m_parentName = "loinCloth_R1C0"
				m_invBindPose = 
				[
					-0.093102,
					0.000000,
					-0.995656,
					58.531937,
					0.995656,
					-0.000001,
					-0.093102,
					-16.166162,
					-0.000001,
					-1.000000,
					0.000000,
					-7.246830,
				]
				m_bbox = 
				{
					m_vecCenter = 
					[
						6.328838,
						3.698789,
						-6.254651,
					]
					m_vecSize = 
					[
						17.443653,
						12.707963,
						12.383710,
					]
				}
				m_flSphereRadius = 29.414017
			},
			
			{
				m_boneName = "ankle_R"
				m_parentName = "knee_R"
				m_invBindPose = 
				[
					-0.937036,
					0.000000,
					0.349232,
					0.717181,
					0.000000,
					1.000000,
					0.000000,
					18.551443,
					-0.349232,
					0.000000,
					-0.937036,
					9.818571,
				]
				m_bbox = 
				{
					m_vecCenter = 
					[
						-11.113153,
						-1.638630,
						-4.625034,
					]
					m_vecSize = 
					[
						18.799597,
						10.358801,
						14.440636,
					]
				}
				m_flSphereRadius = 30.142429
			},
			
			{
				m_boneName = "staff_skull_top_R1C0"
				m_parentName = "staff_skull_top_R0C0"
				m_invBindPose = 
				[
					0.169109,
					-0.021984,
					-0.985353,
					171.026825,
					0.985597,
					0.003771,
					0.169067,
					-79.898880,
					-0.000001,
					-0.999752,
					0.022305,
					-102.991188,
				]
				m_bbox = 
				{
					m_vecCenter = 
					[
						0.000000,
						0.000000,
						0.000000,
					]
					m_vecSize = 
					[
						0.000000,
						0.000000,
						0.000000,
					]
				}
				m_flSphereRadius = 0.000000
			},
			
			{
				m_boneName = "staff_skull_bottom_R1C0"
				m_parentName = "staff_skull_bottom_R0C0"
				m_invBindPose = 
				[
					-0.102971,
					0.006209,
					-0.994665,
					189.693924,
					-0.091230,
					-0.995825,
					0.003228,
					-94.929344,
					-0.990492,
					0.091076,
					0.103108,
					37.186623,
				]
				m_bbox = 
				{
					m_vecCenter = 
					[
						0.000000,
						0.000000,
						0.000000,
					]
					m_vecSize = 
					[
						0.000000,
						0.000000,
						0.000000,
					]
				}
				m_flSphereRadius = 0.000000
			},
			
			{
				m_boneName = "Jaw0_JNT"
				m_parentName = "Head0_JNT"
				m_invBindPose = 
				[
					0.865982,
					-0.000000,
					-0.500076,
					11.567020,
					-0.500075,
					0.000000,
					-0.865982,
					62.272923,
					0.000000,
					1.000000,
					0.000000,
					-0.000101,
				]
				m_bbox = 
				{
					m_vecCenter = 
					[
						0.000000,
						0.000000,
						0.000000,
					]
					m_vecSize = 
					[
						0.000000,
						0.000000,
						0.000000,
					]
				}
				m_flSphereRadius = 0.000000
			},
			
			{
				m_boneName = "LeftCheek0_JNT"
				m_parentName = "Head0_JNT"
				m_invBindPose = 
				[
					-0.352968,
					0.715358,
					-0.603058,
					35.100941,
					0.935636,
					0.269868,
					-0.227503,
					-3.007442,
					-0.000000,
					-0.644543,
					-0.764569,
					53.580696,
				]
				m_bbox = 
				{
					m_vecCenter = 
					[
						0.000000,
						0.000000,
						0.000000,
					]
					m_vecSize = 
					[
						0.000000,
						0.000000,
						0.000000,
					]
				}
				m_flSphereRadius = 0.000000
			},
			
			{
				m_boneName = "LeftEar0_JNT"
				m_parentName = "Head0_JNT"
				m_invBindPose = 
				[
					-0.332482,
					0.687203,
					0.645916,
					-49.325089,
					0.818062,
					0.550936,
					-0.165059,
					-4.202480,
					-0.469288,
					0.473520,
					-0.745351,
					52.996021,
				]
				m_bbox = 
				{
					m_vecCenter = 
					[
						0.000000,
						0.000000,
						0.000000,
					]
					m_vecSize = 
					[
						0.000000,
						0.000000,
						0.000000,
					]
				}
				m_flSphereRadius = 0.000000
			},
			
			{
				m_boneName = "LeftEye0_JNT"
				m_parentName = "Head0_JNT"
				m_invBindPose = 
				[
					0.996323,
					0.085683,
					-0.000001,
					-21.747812,
					-0.001088,
					0.012661,
					0.999920,
					-67.219307,
					0.085676,
					-0.996242,
					0.012708,
					2.379815,
				]
				m_bbox = 
				{
					m_vecCenter = 
					[
						0.000000,
						0.000000,
						0.000000,
					]
					m_vecSize = 
					[
						0.000000,
						0.000000,
						0.000000,
					]
				}
				m_flSphereRadius = 0.000000
			},
			
			{
				m_boneName = "LeftEyelidA0_JNT"
				m_parentName = "Head0_JNT"
				m_invBindPose = 
				[
					0.954001,
					0.299780,
					0.003676,
					-22.249325,
					0.021439,
					-0.080444,
					0.996529,
					-66.880051,
					0.299036,
					-0.950611,
					-0.083170,
					3.344698,
				]
				m_bbox = 
				{
					m_vecCenter = 
					[
						0.000000,
						0.000000,
						0.000000,
					]
					m_vecSize = 
					[
						0.000000,
						0.000000,
						0.000000,
					]
				}
				m_flSphereRadius = 0.000000
			},
			
			{
				m_boneName = "LeftEyelidB0_JNT"
				m_parentName = "Head0_JNT"
				m_invBindPose = 
				[
					0.954001,
					0.299780,
					0.003676,
					-22.249325,
					0.021439,
					-0.080444,
					0.996529,
					-66.880051,
					0.299036,
					-0.950611,
					-0.083170,
					3.344698,
				]
				m_bbox = 
				{
					m_vecCenter = 
					[
						0.000000,
						0.000000,
						0.000000,
					]
					m_vecSize = 
					[
						0.000000,
						0.000000,
						0.000000,
					]
				}
				m_flSphereRadius = 0.000000
			},
			
			{
				m_boneName = "RightCheek0_JNT"
				m_parentName = "Head0_JNT"
				m_invBindPose = 
				[
					0.352967,
					0.715357,
					0.603057,
					-35.101784,
					-0.935636,
					0.269868,
					0.227503,
					3.007162,
					0.000000,
					-0.644543,
					0.764569,
					-53.579914,
				]
				m_bbox = 
				{
					m_vecCenter = 
					[
						0.000000,
						0.000000,
						0.000000,
					]
					m_vecSize = 
					[
						0.000000,
						0.000000,
						0.000000,
					]
				}
				m_flSphereRadius = 0.000000
			},
			
			{
				m_boneName = "RightEar0_JNT"
				m_parentName = "Head0_JNT"
				m_invBindPose = 
				[
					0.332482,
					0.687203,
					-0.645916,
					49.324257,
					-0.818062,
					0.550936,
					0.165059,
					4.201818,
					0.469287,
					0.473520,
					0.745351,
					-52.996670,
				]
				m_bbox = 
				{
					m_vecCenter = 
					[
						0.000000,
						0.000000,
						0.000000,
					]
					m_vecSize = 
					[
						0.000000,
						0.000000,
						0.000000,
					]
				}
				m_flSphereRadius = 0.000000
			},
			
			{
				m_boneName = "RightEyelidA0_JNT"
				m_parentName = "Head0_JNT"
				m_invBindPose = 
				[
					-0.954001,
					0.299781,
					-0.003675,
					22.248978,
					-0.021439,
					-0.080443,
					-0.996529,
					66.880165,
					-0.299036,
					-0.950611,
					0.083170,
					-3.343525,
				]
				m_bbox = 
				{
					m_vecCenter = 
					[
						0.000000,
						0.000000,
						0.000000,
					]
					m_vecSize = 
					[
						0.000000,
						0.000000,
						0.000000,
					]
				}
				m_flSphereRadius = 0.000000
			},
			
			{
				m_boneName = "RightEyelidB0_JNT"
				m_parentName = "Head0_JNT"
				m_invBindPose = 
				[
					-0.954001,
					0.299781,
					-0.003675,
					22.248978,
					-0.021439,
					-0.080443,
					-0.996529,
					66.880165,
					-0.299036,
					-0.950611,
					0.083170,
					-3.343525,
				]
				m_bbox = 
				{
					m_vecCenter = 
					[
						0.000000,
						0.000000,
						0.000000,
					]
					m_vecSize = 
					[
						0.000000,
						0.000000,
						0.000000,
					]
				}
				m_flSphereRadius = 0.000000
			},
			
			{
				m_boneName = "RightEye0_JNT"
				m_parentName = "Head0_JNT"
				m_invBindPose = 
				[
					-0.996323,
					0.085684,
					0.000001,
					21.747742,
					0.001088,
					0.012662,
					-0.999920,
					67.219337,
					-0.085677,
					-0.996242,
					-0.012708,
					-2.378589,
				]
				m_bbox = 
				{
					m_vecCenter = 
					[
						0.000000,
						0.000000,
						0.000000,
					]
					m_vecSize = 
					[
						0.000000,
						0.000000,
						0.000000,
					]
				}
				m_flSphereRadius = 0.000000
			},
			
			{
				m_boneName = "LeftArm2_JNT"
				m_parentName = "LeftArm1_JNT"
				m_invBindPose = 
				[
					0.560117,
					0.235178,
					-0.794330,
					12.121429,
					-0.114789,
					-0.927574,
					-0.355571,
					37.682919,
					-0.820422,
					0.290343,
					-0.492554,
					24.381292,
				]
				m_bbox = 
				{
					m_vecCenter = 
					[
						0.000000,
						0.000000,
						0.000000,
					]
					m_vecSize = 
					[
						0.000000,
						0.000000,
						0.000000,
					]
				}
				m_flSphereRadius = 0.000000
			},
			
			{
				m_boneName = "LeftForearm0_JNT"
				m_parentName = "LeftArm1_JNT"
				m_invBindPose = 
				[
					0.690781,
					0.462496,
					-0.555805,
					1.964960,
					0.645771,
					-0.740407,
					0.186489,
					0.667792,
					-0.325271,
					-0.487746,
					-0.810125,
					46.294296,
				]
				m_bbox = 
				{
					m_vecCenter = 
					[
						0.000000,
						0.000000,
						0.000000,
					]
					m_vecSize = 
					[
						0.000000,
						0.000000,
						0.000000,
					]
				}
				m_flSphereRadius = 0.000000
			},
			
			{
				m_boneName = "LeftDeltoid0_JNT"
				m_parentName = "Spine2_JNT"
				m_invBindPose = 
				[
					0.153186,
					0.818218,
					-0.554124,
					18.509968,
					0.933131,
					-0.304341,
					-0.191427,
					5.499774,
					-0.325271,
					-0.487746,
					-0.810125,
					46.294159,
				]
				m_bbox = 
				{
					m_vecCenter = 
					[
						0.000000,
						0.000000,
						0.000000,
					]
					m_vecSize = 
					[
						0.000000,
						0.000000,
						0.000000,
					]
				}
				m_flSphereRadius = 0.000000
			},
			
			{
				m_boneName = "RightArm2_JNT"
				m_parentName = "RightArm1_JNT"
				m_invBindPose = 
				[
					-0.560117,
					0.235179,
					0.794330,
					-12.121574,
					0.114790,
					-0.927573,
					0.355572,
					-37.681911,
					0.820421,
					0.290343,
					0.492554,
					-24.381641,
				]
				m_bbox = 
				{
					m_vecCenter = 
					[
						0.000000,
						0.000000,
						0.000000,
					]
					m_vecSize = 
					[
						0.000000,
						0.000000,
						0.000000,
					]
				}
				m_flSphereRadius = 0.000000
			},
			
			{
				m_boneName = "RightForearm0_JNT"
				m_parentName = "RightArm1_JNT"
				m_invBindPose = 
				[
					-0.690781,
					0.462496,
					0.555805,
					-1.965452,
					-0.645770,
					-0.740407,
					-0.186489,
					-0.666945,
					0.325271,
					-0.487745,
					0.810125,
					-46.293701,
				]
				m_bbox = 
				{
					m_vecCenter = 
					[
						0.000000,
						0.000000,
						0.000000,
					]
					m_vecSize = 
					[
						0.000000,
						0.000000,
						0.000000,
					]
				}
				m_flSphereRadius = 10.339298
			},
			
			{
				m_boneName = "RightDeltoid0_JNT"
				m_parentName = "Spine2_JNT"
				m_invBindPose = 
				[
					-0.153187,
					0.818218,
					0.554124,
					-18.510866,
					-0.933130,
					-0.304341,
					0.191427,
					-5.499415,
					0.325271,
					-0.487745,
					0.810125,
					-46.293598,
				]
				m_bbox = 
				{
					m_vecCenter = 
					[
						0.000000,
						0.000000,
						0.000000,
					]
					m_vecSize = 
					[
						0.000000,
						0.000000,
						0.000000,
					]
				}
				m_flSphereRadius = 0.000000
			},
			
			{
				m_boneName = "LeftLeg3_JNT"
				m_parentName = "LeftLeg2_JNT"
				m_invBindPose = 
				[
					0.946977,
					0.259227,
					-0.189836,
					-2.965970,
					-0.156083,
					-0.145287,
					-0.977001,
					2.748775,
					-0.280845,
					0.954827,
					-0.097122,
					-6.385878,
				]
				m_bbox = 
				{
					m_vecCenter = 
					[
						0.000000,
						0.000000,
						0.000000,
					]
					m_vecSize = 
					[
						0.000000,
						0.000000,
						0.000000,
					]
				}
				m_flSphereRadius = 0.000000
			},
			
			{
				m_boneName = "LeftHip0_JNT"
				m_parentName = "Root0_JNT"
				m_invBindPose = 
				[
					0.382863,
					0.334546,
					-0.861101,
					23.723923,
					-0.720863,
					-0.474742,
					-0.504952,
					14.070061,
					-0.577731,
					0.814064,
					0.059400,
					-6.176519,
				]
				m_bbox = 
				{
					m_vecCenter = 
					[
						0.000000,
						0.000000,
						0.000000,
					]
					m_vecSize = 
					[
						0.000000,
						0.000000,
						0.000000,
					]
				}
				m_flSphereRadius = 0.000000
			},
			
			{
				m_boneName = "RightLeg3_JNT"
				m_parentName = "RightLeg2_JNT"
				m_invBindPose = 
				[
					-0.946977,
					0.259226,
					0.189833,
					2.966022,
					0.156081,
					-0.145287,
					0.977001,
					-2.748766,
					0.280844,
					0.954827,
					0.097123,
					6.385821,
				]
				m_bbox = 
				{
					m_vecCenter = 
					[
						0.000000,
						0.000000,
						0.000000,
					]
					m_vecSize = 
					[
						0.000000,
						0.000000,
						0.000000,
					]
				}
				m_flSphereRadius = 0.000000
			},
			
			{
				m_boneName = "RightHip0_JNT"
				m_parentName = "Root0_JNT"
				m_invBindPose = 
				[
					-0.382865,
					0.334546,
					0.861100,
					-23.723869,
					0.720862,
					-0.474742,
					0.504954,
					-14.070061,
					0.577731,
					0.814064,
					-0.059399,
					6.176451,
				]
				m_bbox = 
				{
					m_vecCenter = 
					[
						0.000000,
						0.000000,
						0.000000,
					]
					m_vecSize = 
					[
						0.000000,
						0.000000,
						0.000000,
					]
				}
				m_flSphereRadius = 0.000000
			},
			
			{
				m_boneName = "Tail3_JNT"
				m_parentName = "Tail2_JNT"
				m_invBindPose = 
				[
					-0.767425,
					0.000000,
					-0.641139,
					-14.926914,
					0.623140,
