<!-- kv3 encoding:text:version{e21c7f3c-8a33-41c5-9977-a76d3a32aa0d} format:generic:version{7412167c-06e9-4698-aff2-e63eb59037e7} -->
{
	_class = "CRenderMesh"
	m_sceneObjects = 
	[
		{
			m_vMinBounds = 
			[
				-66.273834,
				-81.905151,
				0.069237,
			]
			m_vMaxBounds = 
			[
				54.257542,
				77.998444,
				183.593628,
			]
			m_drawCalls = 
			[
				{
					m_nPrimitiveType = "RENDER_PRIM_TRIANGLES"
					m_nBaseVertex = 0
					m_nVertexCount = 5346
					m_nStartIndex = 0
					m_nIndexCount = 5070
					m_nStartInstance = 0
					m_nInstanceCount = 0
					m_flUvDensity = 75.856995
					m_vTintColor = 
					[
						1.000000,
						1.000000,
						1.000000,
					]
					m_indexBuffer = 
					{
						m_hBuffer = 0
						m_nBindOffsetBytes = 0
					}
					m_material = resource:"materials/models/npc/grandpa_bristleback/grandpa_bristleback_color.vmat"
					m_vertexBuffers = 
					[
						{
							m_hBuffer = 0
							m_nBindOffsetBytes = 0
						},
					]
					m_bUseCompressedNormalTangent = true
				},
				{
					m_nPrimitiveType = "RENDER_PRIM_TRIANGLES"
					m_nBaseVertex = 0
					m_nVertexCount = 5346
					m_nStartIndex = 5070
					m_nIndexCount = 1614
					m_nStartInstance = 0
					m_nInstanceCount = 0
					m_flUvDensity = 79.645462
					m_vTintColor = 
					[
						1.000000,
						1.000000,
						1.000000,
					]
					m_indexBuffer = 
					{
						m_hBuffer = 0
						m_nBindOffsetBytes = 0
					}
					m_material = resource:"materials/models/heroes/bristleback/bristleback_bracer_color.vmat"
					m_vertexBuffers = 
					[
						{
							m_hBuffer = 0
							m_nBindOffsetBytes = 0
						},
					]
					m_bUseCompressedNormalTangent = true
				},
				{
					m_nPrimitiveType = "RENDER_PRIM_TRIANGLES"
					m_nBaseVertex = 0
					m_nVertexCount = 5346
					m_nStartIndex = 6684
					m_nIndexCount = 3165
					m_nStartInstance = 0
					m_nInstanceCount = 0
					m_flUvDensity = 141.908249
					m_vTintColor = 
					[
						1.000000,
						1.000000,
						1.000000,
					]
					m_indexBuffer = 
					{
						m_hBuffer = 0
						m_nBindOffsetBytes = 0
					}
					m_material = resource:"materials/models/npc/kid_bristleback/kid_bristleback_back_color.vmat"
					m_vertexBuffers = 
					[
						{
							m_hBuffer = 0
							m_nBindOffsetBytes = 0
						},
					]
					m_bUseCompressedNormalTangent = true
				},
				{
					m_nPrimitiveType = "RENDER_PRIM_TRIANGLES"
					m_nBaseVertex = 0
					m_nVertexCount = 5346
					m_nStartIndex = 9849
					m_nIndexCount = 549
					m_nStartInstance = 0
					m_nInstanceCount = 0
					m_flUvDensity = 59.954048
					m_vTintColor = 
					[
						1.000000,
						1.000000,
						1.000000,
					]
					m_indexBuffer = 
					{
						m_hBuffer = 0
						m_nBindOffsetBytes = 0
					}
					m_material = resource:"materials/models/heroes/bristleback/bristleback_necklace_color.vmat"
					m_vertexBuffers = 
					[
						{
							m_hBuffer = 0
							m_nBindOffsetBytes = 0
						},
					]
					m_bUseCompressedNormalTangent = true
				},
				{
					m_nPrimitiveType = "RENDER_PRIM_TRIANGLES"
					m_nBaseVertex = 0
					m_nVertexCount = 5346
					m_nStartIndex = 10398
					m_nIndexCount = 3876
					m_nStartInstance = 0
					m_nInstanceCount = 0
					m_flUvDensity = 74.861023
					m_vTintColor = 
					[
						1.000000,
						1.000000,
						1.000000,
					]
					m_indexBuffer = 
					{
						m_hBuffer = 0
						m_nBindOffsetBytes = 0
					}
					m_material = resource:"materials/models/npc/grandpa_bristleback/grandpa_bristleback_beard_color.vmat"
					m_vertexBuffers = 
					[
						{
							m_hBuffer = 0
							m_nBindOffsetBytes = 0
						},
					]
					m_bUseCompressedNormalTangent = true
				},
				{
					m_nPrimitiveType = "RENDER_PRIM_TRIANGLES"
					m_nBaseVertex = 0
					m_nVertexCount = 5346
					m_nStartIndex = 14274
					m_nIndexCount = 2583
					m_nStartInstance = 0
					m_nInstanceCount = 0
					m_flUvDensity = 139.298798
					m_vTintColor = 
					[
						1.000000,
						1.000000,
						1.000000,
					]
					m_indexBuffer = 
					{
						m_hBuffer = 0
						m_nBindOffsetBytes = 0
					}
					m_material = resource:"materials/models/heroes/bristleback/bristleback_color.vmat"
					m_vertexBuffers = 
					[
						{
							m_hBuffer = 0
							m_nBindOffsetBytes = 0
						},
					]
					m_bUseCompressedNormalTangent = true
				},
				{
					m_nPrimitiveType = "RENDER_PRIM_TRIANGLES"
					m_nBaseVertex = 0
					m_nVertexCount = 5346
					m_nStartIndex = 16857
					m_nIndexCount = 1248
					m_nStartInstance = 0
					m_nInstanceCount = 0
					m_flUvDensity = 124.357796
					m_vTintColor = 
					[
						1.000000,
						1.000000,
						1.000000,
					]
					m_indexBuffer = 
					{
						m_hBuffer = 0
						m_nBindOffsetBytes = 0
					}
					m_material = resource:"materials/models/npc/kid_bristleback/kid_bristleback_head_color.vmat"
					m_vertexBuffers = 
					[
						{
							m_hBuffer = 0
							m_nBindOffsetBytes = 0
						},
					]
					m_bUseCompressedNormalTangent = true
				},
			]
			m_vTintColor = 
			[
				0.000000,
				0.000000,
				0.000000,
				0.000000,
			]
		},
	]
	m_constraints = 
	[
	]
	m_skeleton = 
	{
		m_bones = 
		[
			{
				m_boneName = "Root_0"
				m_parentName = ""
				m_invBindPose = 
				[
					1.000000,
					0.000000,
					0.000000,
					11.793447,
					0.000000,
					1.000000,
					0.000000,
					-0.000000,
					0.000000,
					0.000000,
					1.000000,
					-61.765343,
				]
				m_bbox = 
				{
					m_vecCenter = 
					[
						-3.127924,
						0.000001,
						-2.686903,
					]
					m_vecSize = 
					[
						29.009104,
						28.218792,
						35.014236,
					]
				}
				m_flSphereRadius = 40.943638
			},
			{
				m_boneName = "Spine_1"
				m_parentName = "Root_0"
				m_invBindPose = 
				[
					0.048475,
					-0.000000,
					0.998824,
					-74.665680,
					-0.000000,
					1.000000,
					0.000000,
					-0.000005,
					-0.998824,
					-0.000000,
					0.048475,
					-16.123058,
				]
				m_bbox = 
				{
					m_vecCenter = 
					[
						10.198400,
						-0.527025,
						6.959618,
					]
					m_vecSize = 
					[
						33.450142,
						31.588617,
						26.079048,
					]
				}
				m_flSphereRadius = 53.883865
			},
			{
				m_boneName = "Spine_2"
				m_parentName = "Spine_1"
				m_invBindPose = 
				[
					0.244461,
					-0.000000,
					0.969659,
					-86.399170,
					-0.000000,
					1.000000,
					0.000000,
					-0.000007,
					-0.969659,
					-0.000000,
					0.244461,
					-33.822315,
				]
				m_bbox = 
				{
					m_vecCenter = 
					[
						6.962635,
						-1.902332,
						2.923357,
					]
					m_vecSize = 
					[
						28.814014,
						33.107033,
						40.700333,
					]
				}
				m_flSphereRadius = 53.743408
			},
			{
				m_boneName = "Spine_3"
				m_parentName = "Spine_2"
				m_invBindPose = 
				[
					0.872071,
					-0.000000,
					0.489379,
					-42.504593,
					-0.000000,
					1.000000,
					0.000000,
					-0.000013,
					-0.489379,
					-0.000000,
					0.872071,
					-94.049614,
				]
				m_bbox = 
				{
					m_vecCenter = 
					[
						7.089911,
						-0.087038,
						12.470856,
					]
					m_vecSize = 
					[
						31.928553,
						37.871544,
						48.381065,
					]
				}
				m_flSphereRadius = 68.770233
			},
			{
				m_boneName = "clavicle_R"
				m_parentName = "Spine_3"
				m_invBindPose = 
				[
					0.175019,
					0.953595,
					0.244998,
					-5.505821,
					0.516029,
					0.123077,
					-0.847683,
					94.993835,
					-0.838500,
					0.274787,
					-0.470542,
					47.722698,
				]
				m_bbox = 
				{
					m_vecCenter = 
					[
						-7.720240,
						0.773174,
						-5.387595,
					]
					m_vecSize = 
					[
						17.817806,
						21.170086,
						24.761021,
					]
				}
				m_flSphereRadius = 30.366436
			},
			{
				m_boneName = "bicep_R"
				m_parentName = "clavicle_R"
				m_invBindPose = 
				[
					-0.032106,
					0.733902,
					0.678496,
					-49.293499,
					-0.243108,
					-0.664193,
					0.706928,
					-93.019623,
					0.969468,
					-0.142251,
					0.199742,
					-15.112246,
				]
				m_bbox = 
				{
					m_vecCenter = 
					[
						-15.156685,
						-3.482094,
						2.389075,
					]
					m_vecSize = 
					[
						30.664989,
						18.800529,
						13.617907,
					]
				}
				m_flSphereRadius = 45.849045
			},
			{
				m_boneName = "elbow_R"
				m_parentName = "bicep_R"
				m_invBindPose = 
				[
					-0.562377,
					0.690316,
					0.455187,
					-10.521021,
					-0.243108,
					-0.664193,
					0.706928,
					-93.019699,
					0.790336,
					0.286900,
					0.541348,
					-25.104240,
				]
				m_bbox = 
				{
					m_vecCenter = 
					[
						-15.090595,
						-2.971722,
						4.401218,
					]
					m_vecSize = 
					[
						34.645199,
						18.290081,
						19.519974,
					]
				}
				m_flSphereRadius = 50.921024
			},
			{
				m_boneName = "wrist_R"
				m_parentName = "elbow_R"
				m_invBindPose = 
				[
					-0.703078,
					0.282662,
					0.652521,
					-22.429367,
					0.180716,
					-0.816459,
					0.548395,
					-95.007156,
					0.687767,
					0.503486,
					0.522953,
					-8.552820,
				]
				m_bbox = 
				{
					m_vecCenter = 
					[
						-2.496639,
						-5.708546,
						-1.910208,
					]
					m_vecSize = 
					[
						24.903473,
						13.799747,
						13.714876,
					]
				}
				m_flSphereRadius = 27.813301
			},
			{
				m_boneName = "mace_1"
				m_parentName = "wrist_R"
				m_invBindPose = 
				[
					-0.703078,
					0.282662,
					0.652521,
					24.351521,
					0.180716,
					-0.816459,
					0.548395,
					-6.320013,
					0.687767,
					0.503486,
					0.522953,
					-23.555975,
				]
				m_bbox = 
				{
					m_vecCenter = 
					[
						0.000000,
						0.000000,
						0.000000,
					]
					m_vecSize = 
					[
						0.000000,
						0.000000,
						0.000000,
					]
				}
				m_flSphereRadius = 0.000000
			},
			{
				m_boneName = "clavicle_L"
				m_parentName = "Spine_3"
				m_invBindPose = 
				[
					-0.175019,
					0.953595,
					-0.244998,
					5.505861,
					-0.516028,
					0.123078,
					0.847683,
					-94.993828,
					0.838500,
					0.274787,
					0.470541,
					-47.722641,
				]
				m_bbox = 
				{
					m_vecCenter = 
					[
						14.627223,
						-2.282997,
						4.230311,
					]
					m_vecSize = 
					[
						25.794544,
						21.202599,
						23.567249,
					]
				}
				m_flSphereRadius = 40.429909
			},
			{
				m_boneName = "Cloth_flail_R0C0"
				m_parentName = "mace_1"
				m_invBindPose = 
				[
					0.999995,
					0.002219,
					-0.002322,
					-65.406921,
					-0.002206,
					0.999983,
					0.005482,
					0.325827,
					0.002334,
					-0.005477,
					0.999983,
					-0.455459,
				]
				m_bbox = 
				{
					m_vecCenter = 
					[
						0.000000,
						0.000000,
						0.000000,
					]
					m_vecSize = 
					[
						0.000000,
						0.000000,
						0.000000,
					]
				}
				m_flSphereRadius = 0.000000
			},
			{
				m_boneName = "bicep_L"
				m_parentName = "clavicle_L"
				m_invBindPose = 
				[
					0.032106,
					0.733902,
					-0.678496,
					49.293510,
					0.243108,
					-0.664193,
					-0.706927,
					93.019501,
					-0.969467,
					-0.142251,
					-0.199742,
					15.112161,
				]
				m_bbox = 
				{
					m_vecCenter = 
					[
						15.553640,
						0.664139,
						-2.612699,
					]
					m_vecSize = 
					[
						31.061949,
						15.982513,
						13.841520,
					]
				}
				m_flSphereRadius = 46.983303
			},
			{
				m_boneName = "thigh_R"
				m_parentName = "Root_0"
				m_invBindPose = 
				[
					-0.434428,
					0.475141,
					0.765189,
					-42.177601,
					0.456104,
					0.848615,
					-0.267996,
					28.250399,
					-0.776686,
					0.232581,
					-0.585375,
					27.752762,
				]
				m_bbox = 
				{
					m_vecCenter = 
					[
						-16.252522,
						20.755924,
						4.888445,
					]
					m_vecSize = 
					[
						27.265167,
						36.586597,
						25.052774,
					]
				}
				m_flSphereRadius = 68.207352
			},
			{
				m_boneName = "thigh_L"
				m_parentName = "Root_0"
				m_invBindPose = 
				[
					0.434427,
					0.475141,
					-0.765189,
					42.177582,
					-0.456104,
					0.848615,
					0.267996,
					-28.250404,
					0.776687,
					0.232581,
					0.585375,
					-27.752739,
				]
				m_bbox = 
				{
					m_vecCenter = 
					[
						20.070528,
						-2.376700,
						-3.183655,
					]
					m_vecSize = 
					[
						22.102049,
						13.489459,
						17.565540,
					]
				}
				m_flSphereRadius = 43.213860
			},
			{
				m_boneName = "Cloth_flail_R1C0"
				m_parentName = "Cloth_flail_R0C0"
				m_invBindPose = 
				[
					0.999989,
					0.002871,
					0.003791,
					-72.279037,
					-0.002872,
					0.999996,
					0.000145,
					0.390747,
					-0.003790,
					-0.000157,
					0.999993,
					0.033801,
				]
				m_bbox = 
				{
					m_vecCenter = 
					[
						0.000000,
						0.000000,
						0.000000,
					]
					m_vecSize = 
					[
						0.000000,
						0.000000,
						0.000000,
					]
				}
				m_flSphereRadius = 0.000000
			},
			{
				m_boneName = "Head_0"
				m_parentName = "Spine_3"
				m_invBindPose = 
				[
					0.999347,
					0.000000,
					0.036120,
					-12.770363,
					-0.000000,
					1.000000,
					-0.000001,
					0.000079,
					-0.036120,
					0.000001,
					0.999347,
					-112.342842,
				]
				m_bbox = 
				{
					m_vecCenter = 
					[
						6.981809,
						3.215227,
						-1.632504,
					]
					m_vecSize = 
					[
						24.766056,
						29.669512,
						25.530277,
					]
				}
				m_flSphereRadius = 41.666679
			},
			{
				m_boneName = "elbow_L"
				m_parentName = "bicep_L"
				m_invBindPose = 
				[
					0.562376,
					0.690316,
					-0.455188,
					10.521120,
					0.243107,
					-0.664193,
					-0.706927,
					93.019531,
					-0.790336,
					0.286900,
					-0.541348,
					25.104166,
				]
				m_bbox = 
				{
					m_vecCenter = 
					[
						6.909996,
						-0.100704,
						-1.127886,
					]
					m_vecSize = 
					[
						26.464569,
						15.217640,
						16.192142,
					]
				}
				m_flSphereRadius = 33.770363
			},
			{
				m_boneName = "knee_L"
				m_parentName = "thigh_L"
				m_invBindPose = 
				[
					-0.569557,
					-0.046967,
					-0.820609,
					28.254868,
					-0.456104,
					0.848615,
					0.267996,
					-28.250402,
					0.683794,
					0.526922,
					-0.504756,
					-3.831796,
				]
				m_bbox = 
				{
					m_vecCenter = 
					[
						10.137365,
						-4.195137,
						-0.200819,
					]
					m_vecSize = 
					[
						26.656912,
						14.106039,
						19.903673,
					]
				}
				m_flSphereRadius = 37.146000
			},
			{
				m_boneName = "knee_R"
				m_parentName = "thigh_R"
				m_invBindPose = 
				[
					0.569557,
					-0.046967,
					0.820609,
					-28.254898,
					0.456104,
					0.848615,
					-0.267996,
					28.250399,
					-0.683794,
					0.526922,
					0.504756,
					3.831793,
				]
				m_bbox = 
				{
					m_vecCenter = 
					[
						-11.294313,
						-1.042432,
						1.536831,
					]
					m_vecSize = 
					[
						25.499971,
						8.868482,
						11.222685,
					]
				}
				m_flSphereRadius = 37.146008
			},
			{
				m_boneName = "Cloth_flail_R2C0"
				m_parentName = "Cloth_flail_R1C0"
				m_invBindPose = 
				[
					0.999929,
					0.011985,
					0.000014,
					-84.711685,
					-0.011985,
					0.999928,
					-0.001055,
					1.198782,
					-0.000026,
					0.001055,
					1.000000,
					-0.201510,
				]
				m_bbox = 
				{
					m_vecCenter = 
					[
						0.000000,
						0.000000,
						0.000000,
					]
					m_vecSize = 
					[
						0.000000,
						0.000000,
						0.000000,
					]
				}
				m_flSphereRadius = 0.000000
			},
			{
				m_boneName = "Head_1"
				m_parentName = "Head_0"
				m_invBindPose = 
				[
					1.000000,
					-0.000000,
					-0.000000,
					-29.251308,
					-0.000000,
					1.000000,
					-0.000000,
					0.000006,
					0.000000,
					0.000000,
					1.000000,
					-113.473473,
				]
				m_bbox = 
				{
					m_vecCenter = 
					[
						-2.286209,
						1.833737,
						0.421726,
					]
					m_vecSize = 
					[
						24.286522,
						31.050999,
						33.241993,
					]
				}
				m_flSphereRadius = 38.632496
			},
			{
				m_boneName = "necklace2_0"
				m_parentName = "Head_0"
				m_invBindPose = 
				[
					0.000384,
					0.000000,
					-1.000000,
					107.837463,
					-0.000000,
					1.000000,
					-0.000000,
					0.000000,
					1.000000,
					-0.000000,
					0.000384,
					-25.578535,
				]
				m_bbox = 
				{
					m_vecCenter = 
					[
						5.875858,
						2.148518,
						2.639415,
					]
					m_vecSize = 
					[
						15.666348,
						13.669910,
						16.937103,
					]
				}
				m_flSphereRadius = 26.051991
			},
			{
				m_boneName = "wrist_L"
				m_parentName = "elbow_L"
				m_invBindPose = 
				[
					0.303144,
					0.074596,
					-0.950020,
					60.450836,
					-0.165062,
					-0.977752,
					-0.129444,
					75.853836,
					-0.938540,
					0.196052,
					-0.284087,
					13.943758,
				]
				m_bbox = 
				{
					m_vecCenter = 
					[
						5.096104,
						3.461540,
						3.734892,
					]
					m_vecSize = 
					[
						21.887127,
						11.553635,
						17.852497,
					]
				}
				m_flSphereRadius = 28.898012
			},
			{
				m_boneName = "ankle_R"
				m_parentName = "knee_R"
				m_invBindPose = 
				[
					-0.966964,
					0.079669,
					0.242144,
					-8.847225,
					0.082113,
					0.996623,
					0.000000,
					26.747913,
					-0.241326,
					0.019883,
					-0.970240,
					4.487921,
				]
				m_bbox = 
				{
					m_vecCenter = 
					[
						-10.006349,
						-0.189277,
						-4.054570,
					]
					m_vecSize = 
					[
						18.008678,
						10.378976,
						12.097428,
					]
				}
				m_flSphereRadius = 28.862995
			},
			{
				m_boneName = "Cloth_flail_R3C0"
				m_parentName = "Cloth_flail_R2C0"
				m_invBindPose = 
				[
					0.999991,
					0.001686,
					0.003872,
					-94.746239,
					-0.001689,
					0.999999,
					0.000605,
					0.343130,
					-0.003871,
					-0.000612,
					0.999993,
					0.163267,
				]
				m_bbox = 
				{
					m_vecCenter = 
					[
						0.000000,
						0.000000,
						0.000000,
					]
					m_vecSize = 
					[
						0.000000,
						0.000000,
						0.000000,
					]
				}
				m_flSphereRadius = 0.000000
			},
			{
				m_boneName = "L_ear3_0"
				m_parentName = "Head_1"
				m_invBindPose = 
				[
					-0.067614,
					-0.859520,
					-0.506610,
					52.067413,
					-0.113706,
					0.511102,
					-0.851966,
					106.726746,
					0.991211,
					-0.000000,
					-0.132290,
					-13.715996,
				]
				m_bbox = 
				{
					m_vecCenter = 
					[
						-3.189323,
						1.560936,
						4.505945,
					]
					m_vecSize = 
					[
						22.534401,
						11.917542,
						13.919561,
					]
				}
				m_flSphereRadius = 27.569838
			},
			{
				m_boneName = "R_ear4_0"
				m_parentName = "Head_1"
				m_invBindPose = 
				[
					-0.069017,
					0.862156,
					-0.501919,
					51.641823,
					0.117447,
					0.506642,
					0.854119,
					-106.964081,
					0.990678,
					-0.000000,
					-0.136225,
					-13.248076,
				]
				m_bbox = 
				{
					m_vecCenter = 
					[
						-0.466055,
						-0.251240,
						1.443826,
					]
					m_vecSize = 
					[
						16.241137,
						9.597095,
						12.342180,
					]
				}
				m_flSphereRadius = 19.278276
			},
			{
				m_boneName = "necklace2_1"
				m_parentName = "necklace2_0"
				m_invBindPose = 
				[
					-0.001662,
					-0.000000,
					-0.999999,
					98.826607,
					-0.000000,
					1.000000,
					-0.000000,
					0.000004,
					0.999999,
					-0.000000,
					-0.001662,
					-25.369467,
				]
				m_bbox = 
				{
					m_vecCenter = 
					[
						13.744881,
						1.742504,
						-2.261015,
					]
					m_vecSize = 
					[
						6.068611,
						14.075925,
						9.198261,
					]
				}
				m_flSphereRadius = 22.500938
			},
			{
				m_boneName = "backtop5_0"
				m_parentName = "Spine_3"
				m_invBindPose = 
				[
					0.872071,
					-0.000000,
					0.489380,
					-50.724319,
					-0.000000,
					1.000000,
					0.000000,
					-0.000015,
					-0.489380,
					-0.000000,
					0.872071,
					-108.697105,
				]
				m_bbox = 
				{
					m_vecCenter = 
					[
						6.655624,
						2.166162,
						15.840870,
					]
					m_vecSize = 
					[
						25.193581,
						33.605339,
						30.363560,
					]
				}
				m_flSphereRadius = 53.575420
			},
			{
				m_boneName = "index_0_L"
				m_parentName = "wrist_L"
				m_invBindPose = 
				[
					-0.064060,
					-0.155103,
					-0.985819,
					67.960533,
					-0.901463,
					0.432751,
					-0.009508,
					-18.136721,
					0.428089,
					0.888070,
					-0.167541,
					-56.991379,
				]
				m_bbox = 
				{
					m_vecCenter = 
					[
						10.985735,
						0.887754,
						-2.833673,
					]
					m_vecSize = 
					[
						11.243814,
						5.999920,
						9.983881,
					]
				}
				m_flSphereRadius = 25.768190
			},
			{
				m_boneName = "thumb_0_L"
				m_parentName = "wrist_L"
				m_invBindPose = 
				[
					0.422696,
					-0.466113,
					-0.777217,
					73.233749,
					0.325177,
					0.878497,
					-0.350003,
					-35.584663,
					0.845924,
					-0.104788,
					0.522907,
					-40.742405,
				]
				m_bbox = 
				{
					m_vecCenter = 
					[
						6.138220,
						1.679014,
						0.710945,
					]
					m_vecSize = 
					[
						10.202955,
						5.612337,
						5.722565,
					]
				}
				m_flSphereRadius = 16.715126
			},
			{
				m_boneName = "mid_0_L"
				m_parentName = "wrist_L"
				m_invBindPose = 
				[
					-0.308471,
					-0.250198,
					-0.917740,
					72.649261,
					-0.923140,
					0.311482,
					0.225369,
					-31.256430,
					0.229472,
					0.916722,
					-0.327051,
					-50.788757,
				]
				m_bbox = 
				{
					m_vecCenter = 
					[
						6.742231,
						-0.699358,
						-4.873899,
					]
					m_vecSize = 
					[
						14.416838,
						7.601940,
						10.254362,
					]
				}
				m_flSphereRadius = 25.968948
			},
			{
				m_boneName = "ankle_L"
				m_parentName = "knee_L"
				m_invBindPose = 
				[
					0.966964,
					0.079669,
					-0.242145,
					8.847227,
					-0.082113,
					0.996623,
					-0.000000,
					-26.747919,
					0.241327,
					0.019883,
					0.970240,
					-4.487903,
				]
				m_bbox = 
				{
					m_vecCenter = 
					[
						10.128975,
						0.189272,
						6.728541,
					]
					m_vecSize = 
					[
						17.886034,
						10.378979,
						14.771414,
					]
				}
				m_flSphereRadius = 28.862976
			},
			{
				m_boneName = "necklace2_2"
				m_parentName = "necklace2_1"
				m_invBindPose = 
				[
					-0.001662,
					-0.000000,
					-0.999999,
					88.218613,
					-0.000000,
					1.000000,
					-0.000000,
					0.000004,
					0.999999,
					-0.000000,
					-0.001662,
					-25.369467,
				]
				m_bbox = 
				{
					m_vecCenter = 
					[
						10.176395,
						-0.000000,
						1.515222,
					]
					m_vecSize = 
					[
						13.046879,
						13.383062,
						5.422025,
					]
				}
				m_flSphereRadius = 23.360147
			},
			{
				m_boneName = "belt_cloth1_0"
				m_parentName = "Root_0"
				m_invBindPose = 
				[
					1.000000,
					0.000000,
					0.000000,
					-5.243156,
					0.000000,
					1.000000,
					-0.000000,
					0.000003,
					-0.000000,
					0.000000,
					1.000000,
					-51.066513,
				]
				m_bbox = 
				{
					m_vecCenter = 
					[
						-6.141077,
						2.156869,
						-10.300898,
					]
					m_vecSize = 
					[
						11.374571,
						11.598970,
						16.701410,
					]
				}
				m_flSphereRadius = 28.345139
			},
			{
				m_boneName = "toeBase_R"
				m_parentName = "ankle_R"
				m_invBindPose = 
				[
					-0.965926,
					0.258819,
					-0.000001,
					11.000755,
					0.258819,
					0.965926,
					-0.000000,
					25.187973,
					0.000001,
					-0.000000,
					-1.000000,
					3.047166,
				]
				m_bbox = 
				{
					m_vecCenter = 
					[
						0.154694,
						0.521262,
						-2.679458,
					]
					m_vecSize = 
					[
						14.449419,
						10.547537,
						5.657387,
					]
				}
				m_flSphereRadius = 17.963140
			},
			{
				m_boneName = "quill915_0"
				m_parentName = "Spine_2"
				m_invBindPose = 
				[
					0.244461,
					-0.000000,
					0.969659,
					-77.896301,
					-0.000000,
					1.000000,
					0.000000,
					0.822282,
					-0.969659,
					-0.000000,
					0.244461,
					-47.847683,
				]
				m_bbox = 
				{
					m_vecCenter = 
					[
						1.697151,
						1.498056,
						13.775862,
					]
					m_vecSize = 
					[
						9.982269,
						17.734631,
						9.454504,
					]
				}
				m_flSphereRadius = 23.800558
			},
			{
				m_boneName = "quill713_0"
				m_parentName = "Spine_2"
				m_invBindPose = 
				[
					0.244461,
					-0.000000,
					0.969659,
					-100.550148,
					-0.000000,
					1.000000,
					0.000000,
					4.591746,
					-0.969659,
					-0.000000,
					0.244461,
					-50.181419,
				]
				m_bbox = 
				{
					m_vecCenter = 
					[
						-8.579460,
						4.672588,
						16.236610,
					]
					m_vecSize = 
					[
						14.614357,
						16.614853,
						17.397034,
					]
				}
				m_flSphereRadius = 33.931190
			},
			{
				m_boneName = "quill612_0"
				m_parentName = "Spine_2"
				m_invBindPose = 
				[
					0.244461,
					-0.000000,
					0.969659,
					-97.211418,
					-0.000000,
					1.000000,
					0.000000,
					19.187757,
					-0.969659,
					-0.000000,
					0.244461,
					-49.586788,
				]
				m_bbox = 
				{
					m_vecCenter = 
					[
						-5.124901,
						-4.725537,
						5.670235,
					]
					m_vecSize = 
					[
						11.988991,
						11.096064,
						8.282345,
					]
				}
				m_flSphereRadius = 20.475037
			},
			{
				m_boneName = "quill814_0"
				m_parentName = "Spine_2"
				m_invBindPose = 
				[
					0.244461,
					-0.000000,
					0.969659,
					-91.604874,
					-0.000000,
					1.000000,
					0.000000,
					-14.863582,
					-0.969659,
					-0.000000,
					0.244461,
					-45.878212,
				]
				m_bbox = 
				{
					m_vecCenter = 
					[
						6.294071,
						-0.000080,
						15.736469,
					]
					m_vecSize = 
					[
						17.802372,
						18.224293,
						22.200382,
					]
				}
				m_flSphereRadius = 43.170403
			},
			{
				m_boneName = "Cloth_flail_R4C0"
				m_parentName = "Cloth_flail_R3C0"
				m_invBindPose = 
				[
					0.999982,
					-0.003914,
					-0.004544,
					-104.461075,
					0.003891,
					0.999979,
					-0.005200,
					-0.222015,
					0.004565,
					0.005183,
					0.999976,
					-0.695101,
				]
				m_bbox = 
				{
					m_vecCenter = 
					[
						0.000000,
						0.000000,
						0.000000,
					]
					m_vecSize = 
					[
						0.000000,
						0.000000,
						0.000000,
					]
				}
				m_flSphereRadius = 0.000000
			},
			{
				m_boneName = "L_ear3_1"
				m_parentName = "L_ear3_0"
				m_invBindPose = 
				[
					-0.067614,
					-0.859520,
					-0.506610,
					43.605179,
					-0.113706,
					0.511102,
					-0.851966,
					106.726746,
					0.991211,
					-0.000000,
					-0.132290,
					-13.715977,
				]
				m_bbox = 
				{
					m_vecCenter = 
					[
						0.203493,
						1.920692,
						-9.030465,
					]
					m_vecSize = 
					[
						12.370840,
						8.236504,
						13.082879,
					]
				}
				m_flSphereRadius = 22.203253
			},
			{
				m_boneName = "jaw7_0"
				m_parentName = "Head_1"
				m_invBindPose = 
				[
					1.000000,
					-0.000000,
					-0.000000,
					-30.676022,
					-0.000000,
					1.000000,
					-0.000000,
					0.000006,
					0.000000,
					0.000000,
					1.000000,
					-106.123375,
				]
				m_bbox = 
				{
					m_vecCenter = 
					[
						5.981281,
						1.271380,
						-8.912640,
					]
					m_vecSize = 
					[
						17.600212,
						17.608128,
						16.557529,
					]
				}
				m_flSphereRadius = 31.796949
			},
			{
				m_boneName = "R_ear4_1"
				m_parentName = "R_ear4_0"
				m_invBindPose = 
				[
					-0.069017,
					0.862156,
					-0.501919,
					43.351677,
					0.117447,
					0.506642,
					0.854119,
					-106.964096,
					0.990678,
					-0.000000,
					-0.136225,
					-13.248078,
				]
				m_bbox = 
				{
					m_vecCenter = 
					[
						-8.945414,
						2.801453,
						-8.801170,
					]
					m_vecSize = 
					[
						16.430349,
						11.914841,
						13.398598,
					]
				}
				m_flSphereRadius = 28.233046
			},
			{
				m_boneName = "quill28_0"
				m_parentName = "backtop5_0"
				m_invBindPose = 
				[
					0.872071,
					-0.000000,
					0.489380,
					-59.214531,
					-0.000000,
					1.000000,
					0.000000,
					12.348397,
					-0.489380,
					-0.000000,
					0.872071,
					-115.131798,
				]
				m_bbox = 
				{
					m_vecCenter = 
					[
						-1.859098,
						-8.177199,
						20.908466,
					]
					m_vecSize = 
					[
						16.571371,
						22.783619,
						26.204792,
					]
				}
				m_flSphereRadius = 48.316544
			},
			{
				m_boneName = "quill10_0"
				m_parentName = "backtop5_0"
				m_invBindPose = 
				[
					0.872071,
					-0.000000,
					0.489380,
					-47.021996,
					-0.000000,
					1.000000,
					0.000000,
					15.451569,
					-0.489380,
					-0.000000,
					0.872071,
					-111.361824,
				]
				m_bbox = 
				{
					m_vecCenter = 
					[
						-13.205500,
						-4.048333,
						24.609245,
					]
					m_vecSize = 
					[
						23.189482,
						19.732826,
						27.603653,
					]
				}
				m_flSphereRadius = 59.991894
			},
			{
				m_boneName = "quill410_0"
				m_parentName = "backtop5_0"
				m_invBindPose = 
				[
					0.872071,
					-0.000000,
					0.489380,
					-56.760899,
					-0.000000,
					1.000000,
					0.000000,
					-17.913082,
					-0.489380,
					-0.000000,
					0.872071,
					-111.981392,
				]
				m_bbox = 
				{
					m_vecCenter = 
					[
						-9.265856,
						3.879590,
						27.407990,
					]
					m_vecSize = 
					[
						23.819281,
						21.554047,
						31.024574,
					]
				}
				m_flSphereRadius = 60.307014
			},
			{
				m_boneName = "quill511_0"
				m_parentName = "backtop5_0"
				m_invBindPose = 
				[
					0.872071,
					-0.000000,
					0.489380,
					-46.837406,
					-0.000000,
					1.000000,
					0.000000,
					-5.511302,
					-0.489380,
					-0.000000,
					0.872071,
					-113.103584,
				]
				m_bbox = 
				{
					m_vecCenter = 
					[
						-12.747608,
						11.687675,
						22.983204,
					]
					m_vecSize = 
					[
						21.443878,
						20.585537,
						27.487934,
					]
				}
				m_flSphereRadius = 56.647503
			},
			{
				m_boneName = "quill39_0"
				m_parentName = "backtop5_0"
				m_invBindPose = 
				[
					0.872071,
					-0.000000,
					0.489380,
					-67.431496,
					-0.000000,
					1.000000,
					0.000000,
					0.104723,
					-0.489380,
					-0.000000,
					0.872071,
					-116.715942,
				]
				m_bbox = 
				{
					m_vecCenter = 
					[
						-2.785172,
						4.408762,
						27.171429,
					]
					m_vecSize = 
					[
						19.437462,
						19.167084,
						28.765736,
					]
				}
				m_flSphereRadius = 58.744305
			},
			{
				m_boneName = "index_1_L"
				m_parentName = "index_0_L"
				m_invBindPose = 
				[
					-0.064060,
					-0.155102,
					-0.985819,
					58.365707,
					-0.901463,
					0.432751,
					-0.009508,
					-18.136724,
					0.428089,
					0.888070,
					-0.167541,
					-56.991440,
				]
				m_bbox = 
				{
					m_vecCenter = 
					[
						4.340939,
						3.804581,
						-6.186897,
					]
					m_vecSize = 
					[
						8.293789,
						8.916756,
						13.337036,
					]
				}
				m_flSphereRadius = 22.859379
			},
			{
				m_boneName = "thumb_1_L"
				m_parentName = "thumb_0_L"
				m_invBindPose = 
				[
					0.422696,
					-0.466113,
					-0.777217,
					63.979076,
					0.325177,
					0.878497,
					-0.350003,
					-35.584702,
					0.845924,
					-0.104788,
					0.522907,
					-40.742420,
				]
				m_bbox = 
				{
					m_vecCenter = 
					[
						0.731804,
						-0.590173,
						-3.150867,
					]
					m_vecSize = 
					[
						8.707180,
						6.149064,
						10.113574,
					]
				}
				m_flSphereRadius = 15.466214
			},
			{
				m_boneName = "mid_1_L"
				m_parentName = "mid_0_L"
				m_invBindPose = 
				[
					-0.308471,
					-0.250198,
					-0.917740,
					62.457279,
					-0.923140,
					0.311482,
					0.225369,
					-31.256424,
					0.229472,
					0.916722,
					-0.327051,
					-50.788780,
				]
				m_bbox = 
				{
					m_vecCenter = 
					[
						3.050314,
						-4.707195,
						-4.873920,
					]
					m_vecSize = 
					[
						9.315409,
						9.388268,
						10.254360,
					]
				}
				m_flSphereRadius = 22.081865
			},
			{
				m_boneName = "toeBase_L"
				m_parentName = "ankle_L"
				m_invBindPose = 
				[
					0.965926,
					0.258819,
					0.000000,
					-11.000729,
					-0.258819,
					0.965926,
					0.000000,
					-25.187975,
					0.000000,
					-0.000000,
					1.000000,
					-3.047142,
				]
				m_bbox = 
				{
					m_vecCenter = 
					[
						0.628881,
						-0.589586,
						2.733545,
					]
					m_vecSize = 
					[
						13.647964,
						10.479214,
						5.662811,
					]
				}
				m_flSphereRadius = 15.624988
			},
			{
				m_boneName = "quill28_top_right"
				m_parentName = "Spine_2"
				m_invBindPose = 
				[
					0.760730,
					0.046027,
					0.647434,
					-54.896637,
					-0.100198,
					0.993853,
					0.047077,
					17.119467,
					-0.641288,
					-0.100685,
					0.760666,
					-114.092537,
				]
				m_bbox = 
				{
					m_vecCenter = 
					[
						0.000000,
						0.000000,
						0.000000,
					]
					m_vecSize = 
					[
						0.000000,
						0.000000,
						0.000000,
					]
				}
				m_flSphereRadius = 0.000000
			},
			{
				m_boneName = "quill410_piston_top"
				m_parentName = "Spine_2"
				m_invBindPose = 
				[
					0.758081,
					0.041530,
					0.650836,
					-54.123505,
					-0.103318,
					0.993015,
					0.056978,
					-7.752503,
					-0.643924,
					-0.110437,
					0.757077,
					-130.194702,
				]
				m_bbox = 
				{
					m_vecCenter = 
					[
						0.000000,
						0.000000,
						0.000000,
					]
					m_vecSize = 
					[
						0.000000,
						0.000000,
						0.000000,
					]
				}
				m_flSphereRadius = 0.000000
			},
			{
				m_boneName = "quill10_piston_bot"
				m_parentName = "Spine_2"
				m_invBindPose = 
				[
					0.758081,
					0.041530,
					0.650836,
					-38.322498,
					-0.103318,
					0.993015,
					0.056978,
					-8.929768,
					-0.643924,
					-0.110437,
					0.757077,
					-127.854630,
				]
				m_bbox = 
				{
					m_vecCenter = 
					[
						0.000000,
						0.000000,
						0.000000,
					]
					m_vecSize = 
					[
						0.000000,
						0.000000,
						0.000000,
					]
				}
				m_flSphereRadius = 0.000000
			},
			{
				m_boneName = "quill39_mid"
				m_parentName = "Spine_2"
				m_invBindPose = 
				[
					0.762801,
					-0.101250,
					0.638658,
					-21.789928,
					0.069415,
					0.994780,
					0.074800,
					-0.241627,
					-0.642897,
					-0.012725,
					0.765847,
					-115.607468,
				]
				m_bbox = 
				{
					m_vecCenter = 
					[
						0.000000,
						0.000000,
						0.000000,
					]
					m_vecSize = 
					[
						0.000000,
						0.000000,
						0.000000,
					]
				}
				m_flSphereRadius = 0.000000
			},
		]
		m_boneParents = 
		[
		]
		m_nBoneWeightCount = 4
	}
	m_attachments = 
	[
		{
			key = "attach_weapon"
			value = 
			{
				m_name = "attach_weapon"
				m_influenceNames = 
				[
					"Cloth_flail_R4C0",
					"",
					"",
				]
				m_vInfluenceOffsets = 
				[
					
					[
						0.000000,
						0.000000,
						-0.000008,
					],
					
					[
						0.000000,
						0.000000,
						0.000000,
					],
					
					[
						0.000000,
						0.000000,
						0.000000,
					],
				]
				m_vInfluenceRotations = 
				[
					
					[
						-0.000000,
						0.000000,
						0.000000,
						1.000000,
					],
					
					[
						0.000000,
						0.000000,
						0.000000,
						1.000000,
					],
					
					[
						0.000000,
						0.000000,
						0.000000,
						1.000000,
					],
				]
				m_influenceWeights = 
				[
					1.000000,
					0.000000,
					0.000000,
				]
				m_bInfluenceRootTransform = 
				[
					false,
					false,
					false,
				]
				m_nInfluences = 1
			}
		},
		{
			key = "attach_attack1"
			value = 
			{
				m_name = "attach_attack1"
				m_influenceNames = 
				[
					"wrist_R",
					"",
					"",
				]
				m_vInfluenceOffsets = 
				[
					
					[
						-9.999998,
						0.000008,
						0.000000,
					],
					
					[
						0.000000,
						0.000000,
						0.000000,
					],
					
					[
						0.000000,
						0.000000,
						0.000000,
					],
				]
				m_vInfluenceRotations = 
				[
					
					[
						-0.000000,
						-0.000000,
						-1.000000,
						-0.000000,
					],
					
					[
						0.000000,
						0.000000,
						0.000000,
						1.000000,
					],
					
					[
						0.000000,
						0.000000,
						0.000000,
						1.000000,
					],
				]
				m_influenceWeights = 
				[
					1.000000,
					0.000000,
					0.000000,
				]
				m_bInfluenceRootTransform = 
				[
					false,
					false,
					false,
				]
				m_nInfluences = 1
			}
		},
		{
			key = "attach_attack3"
			value = 
			{
				m_name = "attach_attack3"
				m_influenceNames = 
				[
					"jaw7_0",
					"",
					"",
				]
				m_vInfluenceOffsets = 
				[
					
					[
						9.999998,
						0.000000,
						0.000000,
					],
					
					[
						0.000000,
						0.000000,
						0.000000,
					],
					
					[
						0.000000,
						0.000000,
						0.000000,
					],
				]
				m_vInfluenceRotations = 
				[
					
					[
						-0.000000,
						0.000000,
						-0.000000,
						1.000000,
					],
					
					[
						0.000000,
						0.000000,
						0.000000,
						1.000000,
					],
					
					[
						0.000000,
						0.000000,
						0.000000,
						1.000000,
					],
				]
				m_influenceWeights = 
				[
					1.000000,
					0.000000,
					0.000000,
				]
				m_bInfluenceRootTransform = 
				[
					false,
					false,
					false,
				]
				m_nInfluences = 1
			}
		},
		{
			key = "attach_attack2"
			value = 
			{
				m_name = "attach_attack2"
				m_influenceNames = 
				[
					"wrist_L",
					"",
					"",
				]
				m_vInfluenceOffsets = 
				[
					
					[
						9.999998,
						-0.000008,
						0.000008,
					],
					
					[
						0.000000,
						0.000000,
						0.000000,
					],
					
					[
						0.000000,
						0.000000,
						0.000000,
					],
				]
				m_vInfluenceRotations = 
				[
					
					[
						-0.000000,
						-0.000000,
						-0.000000,
						1.000000,
					],
					
					[
						0.000000,
						0.000000,
						0.000000,
						1.000000,
					],
					
					[
						0.000000,
						0.000000,
						0.000000,
						1.000000,
					],
				]
				m_influenceWeights = 
				[
					1.000000,
					0.000000,
					0.000000,
				]
				m_bInfluenceRootTransform = 
				[
					false,
					false,
					false,
				]
				m_nInfluences = 1
			}
		},
		{
			key = "attach_hitloc"
			value = 
			{
				m_name = "attach_hitloc"
				m_influenceNames = 
				[
					"Spine_2",
					"",
					"",
				]
				m_vInfluenceOffsets = 
				[
					
					[
						0.000000,
						0.000000,
						0.000000,
					],
					
					[
						0.000000,
						0.000000,
						0.000000,
					],
					
					[
						0.000000,
						0.000000,
						0.000000,
					],
				]
				m_vInfluenceRotations = 
				[
					
					[
						0.000000,
						0.000000,
						-0.000000,
						1.000000,
					],
					
					[
						0.000000,
						0.000000,
						0.000000,
						1.000000,
					],
					
					[
						0.000000,
						0.000000,
						0.000000,
						1.000000,
					],
				]
				m_influenceWeights = 
				[
					1.000000,
					0.000000,
					0.000000,
				]
				m_bInfluenceRootTransform = 
				[
					false,
					false,
					false,
				]
				m_nInfluences = 1
			}
		},
	]
	m_hitboxsets = 
	[
		{
			key = "default"
			value = 
			{
				m_name = "default"
				m_nNameHash = 1977497166
				m_HitBoxes = 
				[
					{
						m_name = "knee_R"
						m_sSurfaceProperty = "default"
						m_sBoneName = "knee_R"
						m_nBoneNameHash = 371457353
						m_nGroupId = 0
						m_cRenderColor = 
						[
							255,
							255,
							255,
							64,
						]
						m_nHitBoxIndex = 0
						m_vMinBounds = 
						[
							-24.960602,
							-10.376192,
							-6.732265,
						]
						m_vMaxBounds = 
						[
							-0.738822,
							7.772901,
							12.474511,
						]
						m_bTranslationOnly = false
						m_bVisible = false
						m_bSelected = false
					},
					{
						m_name = "thigh_R"
						m_sSurfaceProperty = "default"
						m_sBoneName = "thigh_R"
						m_nBoneNameHash = 155470075
						m_nGroupId = 0
						m_cRenderColor = 
						[
							255,
							255,
							255,
