<!-- kv3 encoding:text:version{e21c7f3c-8a33-41c5-9977-a76d3a32aa0d} format:generic:version{7412167c-06e9-4698-aff2-e63eb59037e7} -->
{
	_class = "CRenderMesh"
	m_sceneObjects = 
	[
		{
			m_vMinBounds = 
			[
				-113.030792,
				-245.147797,
				3.006945,
			]
			m_vMaxBounds = 
			[
				201.766006,
				245.147430,
				86.243538,
			]
			m_drawCalls = 
			[
				{
					m_nPrimitiveType = "RENDER_PRIM_TRIANGLES"
					m_nBaseVertex = 0
					m_nVertexCount = 4704
					m_nStartIndex = 0
					m_nIndexCount = 20118
					m_nStartInstance = 0
					m_nInstanceCount = 0
					m_flUvDensity = 336.725952
					m_vTintColor = 
					[
						1.000000,
						1.000000,
						1.000000,
					]
					m_indexBuffer = 
					{
						m_hBuffer = 0
						m_nBindOffsetBytes = 0
					}
					m_material = resource:"models/creeps/ice_biome/diregull/diregull.vmat"
					m_vertexBuffers = 
					[
						{
							m_hBuffer = 0
							m_nBindOffsetBytes = 0
						},
					]
					m_bUseCompressedNormalTangent = true
				},
			]
			m_vTintColor = 
			[
				0.000000,
				0.000000,
				0.000000,
				0.000000,
			]
		},
	]
	m_constraints = 
	[
	]
	m_skeleton = 
	{
		m_bones = 
		[
			{
				m_boneName = "root"
				m_parentName = ""
				m_invBindPose = 
				[
					1.000000,
					0.000000,
					0.000000,
					-42.331619,
					0.000000,
					1.000000,
					0.000000,
					-0.000000,
					0.000000,
					0.000000,
					1.000000,
					-45.158478,
				]
				m_bbox = 
				{
					m_vecCenter = 
					[
						-10.220322,
						0.580038,
						2.747394,
					]
					m_vecSize = 
					[
						50.113701,
						57.958786,
						33.910671,
					]
				}
				m_flSphereRadius = 77.269806
			},
			{
				m_boneName = "spine1"
				m_parentName = "root"
				m_invBindPose = 
				[
					0.841399,
					-0.000000,
					-0.540414,
					-25.050285,
					0.000000,
					1.000000,
					-0.000000,
					0.000007,
					0.540414,
					0.000000,
					0.841399,
					-64.660507,
				]
				m_bbox = 
				{
					m_vecCenter = 
					[
						-5.346426,
						-0.000078,
						-3.252979,
					]
					m_vecSize = 
					[
						47.982437,
						43.132088,
						26.781757,
					]
				}
				m_flSphereRadius = 58.639839
			},
			{
				m_boneName = "spine1_1"
				m_parentName = "root"
				m_invBindPose = 
				[
					-0.958119,
					-0.000000,
					0.286373,
					14.574900,
					-0.000000,
					1.000000,
					-0.000000,
					0.000024,
					-0.286373,
					-0.000000,
					-0.958119,
					55.874191,
				]
				m_bbox = 
				{
					m_vecCenter = 
					[
						10.871845,
						-0.000530,
						-0.788291,
					]
					m_vecSize = 
					[
						46.217220,
						79.364365,
						30.424675,
					]
				}
				m_flSphereRadius = 85.278076
			},
			{
				m_boneName = "neck01"
				m_parentName = "spine1"
				m_invBindPose = 
				[
					0.999792,
					0.000012,
					-0.020394,
					-73.907799,
					-0.000012,
					1.000000,
					0.000002,
					0.000828,
					0.020394,
					-0.000001,
					0.999792,
					-30.503183,
				]
				m_bbox = 
				{
					m_vecCenter = 
					[
						3.293106,
						0.000056,
						5.509795,
					]
					m_vecSize = 
					[
						18.743149,
						28.750599,
						20.046543,
					]
				}
				m_flSphereRadius = 33.991283
			},
			{
				m_boneName = "hip0_0"
				m_parentName = "spine1_1"
				m_invBindPose = 
				[
					-0.958118,
					-0.000000,
					0.286373,
					3.724269,
					-0.000000,
					1.000000,
					-0.000000,
					0.000024,
					-0.286373,
					-0.000000,
					-0.958118,
					55.999535,
				]
				m_bbox = 
				{
					m_vecCenter = 
					[
						12.422918,
						0.002972,
						-1.039980,
					]
					m_vecSize = 
					[
						48.872269,
						81.453140,
						30.325537,
					]
				}
				m_flSphereRadius = 84.997124
			},
			{
				m_boneName = "neck02"
				m_parentName = "neck01"
				m_invBindPose = 
				[
					0.999587,
					-0.000006,
					-0.028740,
					-82.368385,
					0.028740,
					0.000000,
					0.999587,
					-31.158056,
					-0.000006,
					-1.000000,
					0.000000,
					0.000571,
				]
				m_bbox = 
				{
					m_vecCenter = 
					[
						4.353214,
						4.765915,
						0.000170,
					]
					m_vecSize = 
					[
						15.662510,
						16.566294,
						22.060398,
					]
				}
				m_flSphereRadius = 25.592451
			},
			{
				m_boneName = "tail_R0C0"
				m_parentName = "hip0_0"
				m_invBindPose = 
				[
					-0.968966,
					0.001107,
					-0.247191,
					16.897425,
					-0.247191,
					0.000003,
					0.968967,
					-45.567440,
					0.001073,
					0.999999,
					0.000271,
					-0.018579,
				]
				m_bbox = 
				{
					m_vecCenter = 
					[
						8.847088,
						2.013950,
						0.594505,
					]
					m_vecSize = 
					[
						54.887775,
						29.037842,
						57.961502,
					]
				}
				m_flSphereRadius = 69.986794
			},
			{
				m_boneName = "clavicle_R"
				m_parentName = "spine1"
				m_invBindPose = 
				[
					-0.034031,
					0.665693,
					-0.745449,
					34.136124,
					-0.678887,
					-0.562784,
					-0.471579,
					56.099018,
					-0.733454,
					0.490028,
					0.471083,
					34.866817,
				]
				m_bbox = 
				{
					m_vecCenter = 
					[
						-6.040498,
						2.317572,
						11.768774,
					]
					m_vecSize = 
					[
						34.521629,
						24.928102,
						29.745417,
					]
				}
				m_flSphereRadius = 52.602272
			},
			{
				m_boneName = "neck03"
				m_parentName = "neck02"
				m_invBindPose = 
				[
					0.999618,
					-0.000014,
					-0.027630,
					-91.120766,
					0.027630,
					-0.000001,
					0.999618,
					-31.056902,
					-0.000014,
					-1.000000,
					-0.000001,
					0.001388,
				]
				m_bbox = 
				{
					m_vecCenter = 
					[
						7.063385,
						3.230940,
						0.000221,
					]
					m_vecSize = 
					[
						19.749420,
						17.075905,
						16.706196,
					]
				}
				m_flSphereRadius = 29.416855
			},
			{
				m_boneName = "clavicle_L"
				m_parentName = "spine1"
				m_invBindPose = 
				[
					0.034031,
					0.665693,
					0.745449,
					-34.136112,
					0.678887,
					-0.562784,
					0.471579,
					-56.099033,
					0.733453,
					0.490028,
					-0.471083,
					-34.866791,
				]
				m_bbox = 
				{
					m_vecCenter = 
					[
						5.996023,
						-2.907776,
						-11.609747,
					]
					m_vecSize = 
					[
						34.477150,
						24.393307,
						29.586393,
					]
				}
				m_flSphereRadius = 52.430092
			},
			{
				m_boneName = "tail_R1C0"
				m_parentName = "tail_R0C0"
				m_invBindPose = 
				[
					-0.972696,
					0.001039,
					-0.232083,
					-0.611689,
					-0.232083,
					-0.000014,
					0.972696,
					-45.563412,
					0.001007,
					0.999999,
					0.000255,
					-0.018612,
				]
				m_bbox = 
				{
					m_vecCenter = 
					[
						9.462242,
						14.366430,
						1.490377,
					]
					m_vecSize = 
					[
						49.865776,
						15.160284,
						38.666512,
					]
				}
				m_flSphereRadius = 64.720963
			},
			{
				m_boneName = "bicep_R"
				m_parentName = "clavicle_R"
				m_invBindPose = 
				[
					0.393774,
					0.780364,
					-0.485772,
					6.018625,
					0.698645,
					0.089350,
					0.709868,
					-74.212875,
					0.597359,
					-0.618909,
					-0.510014,
					-26.199116,
				]
				m_bbox = 
				{
					m_vecCenter = 
					[
						-37.389397,
						-22.463341,
						-13.957712,
					]
					m_vecSize = 
					[
						55.417923,
						38.297928,
						50.267357,
					]
				}
				m_flSphereRadius = 93.772537
			},
			{
				m_boneName = "neck04"
				m_parentName = "neck03"
				m_invBindPose = 
				[
					0.999993,
					-0.000019,
					-0.003637,
					-100.555061,
					0.003637,
					0.000008,
					0.999993,
					-28.652412,
					-0.000019,
					-1.000000,
					0.000008,
					0.001604,
				]
				m_bbox = 
				{
					m_vecCenter = 
					[
						6.125950,
						0.263378,
						-0.000549,
					]
					m_vecSize = 
					[
						19.989353,
						15.102959,
						13.300499,
					]
				}
				m_flSphereRadius = 29.372698
			},
			{
				m_boneName = "bicep_L"
				m_parentName = "clavicle_L"
				m_invBindPose = 
				[
					-0.393774,
					0.780364,
					0.485772,
					-6.018650,
					-0.698645,
					0.089350,
					-0.709867,
					74.212784,
					-0.597359,
					-0.618909,
					0.510014,
					26.199070,
				]
				m_bbox = 
				{
					m_vecCenter = 
					[
						37.388985,
						21.471357,
						14.298758,
					]
					m_vecSize = 
					[
						55.417534,
						39.289825,
						50.608261,
					]
				}
				m_flSphereRadius = 93.771591
			},
			{
				m_boneName = "tail_R2C0"
				m_parentName = "tail_R1C0"
				m_invBindPose = 
				[
					-0.990691,
					0.000795,
					-0.136128,
					-21.771681,
					-0.136128,
					-0.000114,
					0.990692,
					-43.648468,
					0.000772,
					1.000000,
					0.000222,
					-0.023734,
				]
				m_bbox = 
				{
					m_vecCenter = 
					[
						16.991562,
						12.090538,
						-0.059847,
					]
					m_vecSize = 
					[
						43.395828,
						8.525635,
						24.469692,
					]
				}
				m_flSphereRadius = 64.827835
			},
			{
				m_boneName = "elbow_R"
				m_parentName = "bicep_R"
				m_invBindPose = 
				[
					-0.599527,
					0.614586,
					0.512691,
					25.933960,
					0.698645,
					0.089351,
					0.709868,
					-74.212891,
					0.390466,
					0.783773,
					-0.482945,
					48.055916,
				]
				m_bbox = 
				{
					m_vecCenter = 
					[
						-24.085745,
						-9.667759,
						-5.784977,
					]
					m_vecSize = 
					[
						77.326195,
						24.261280,
						41.305111,
					]
				}
				m_flSphereRadius = 104.475677
			},
			{
				m_boneName = "neck05"
				m_parentName = "neck04"
				m_invBindPose = 
				[
					0.999324,
					-0.000001,
					0.036768,
					-110.341301,
					-0.036768,
					0.000001,
					0.999324,
					-24.214188,
					-0.000001,
					-1.000000,
					0.000001,
					-0.000160,
				]
				m_bbox = 
				{
					m_vecCenter = 
					[
						6.806171,
						0.932050,
						-0.000203,
					]
					m_vecSize = 
					[
						19.519932,
						17.960991,
						14.586697,
					]
				}
				m_flSphereRadius = 29.285254
			},
			{
				m_boneName = "elbow_L"
				m_parentName = "bicep_L"
				m_invBindPose = 
				[
					0.599526,
					0.614586,
					-0.512691,
					-25.933823,
					-0.698645,
					0.089351,
					-0.709867,
					74.212753,
					-0.390465,
					0.783773,
					0.482946,
					-48.055977,
				]
				m_bbox = 
				{
					m_vecCenter = 
					[
						24.184317,
						9.553953,
						5.800598,
					]
					m_vecSize = 
					[
						77.227333,
						24.147474,
						41.261330,
					]
				}
				m_flSphereRadius = 104.475388
			},
			{
				m_boneName = "tail_R3C0"
				m_parentName = "tail_R2C0"
				m_invBindPose = 
				[
					-0.999209,
					-0.000986,
					0.039761,
					-45.630020,
					0.039761,
					-0.000283,
					0.999209,
					-36.205822,
					-0.000974,
					1.000000,
					0.000322,
					-0.104628,
				]
				m_bbox = 
				{
					m_vecCenter = 
					[
						9.069096,
						13.123526,
						-0.030418,
					]
					m_vecSize = 
					[
						31.190647,
						5.450705,
						24.469688,
					]
				}
				m_flSphereRadius = 42.241562
			},
			{
				m_boneName = "wrist_R"
				m_parentName = "elbow_R"
				m_invBindPose = 
				[
					-0.441908,
					0.889819,
					0.113749,
					108.080574,
					0.134895,
					-0.059445,
					0.989075,
					-48.013584,
					0.886860,
					0.452424,
					-0.093763,
					-34.010086,
				]
				m_bbox = 
				{
					m_vecCenter = 
					[
						-16.756840,
						9.310411,
						-7.871084,
					]
					m_vecSize = 
					[
						40.029758,
						16.788393,
						23.177320,
					]
				}
				m_flSphereRadius = 62.563137
			},
			{
				m_boneName = "neck06"
				m_parentName = "neck05"
				m_invBindPose = 
				[
					0.995865,
					0.000019,
					0.090850,
					-120.196053,
					-0.090850,
					0.000001,
					0.995865,
					-17.728886,
					0.000019,
					-1.000000,
					0.000003,
					-0.002611,
				]
				m_bbox = 
				{
					m_vecCenter = 
					[
						1.799984,
						-0.010712,
						0.000100,
					]
					m_vecSize = 
					[
						16.560467,
						18.277096,
						15.631399,
					]
				}
				m_flSphereRadius = 24.257614
			},
			{
				m_boneName = "wrist_L"
				m_parentName = "elbow_L"
				m_invBindPose = 
				[
					0.441908,
					0.889819,
					-0.113749,
					-108.080299,
					-0.134895,
					-0.059445,
					-0.989075,
					48.013561,
					-0.886860,
					0.452424,
					0.093763,
					34.009914,
				]
				m_bbox = 
				{
					m_vecCenter = 
					[
						16.756809,
						-9.310417,
						7.871070,
					]
					m_vecSize = 
					[
						40.029560,
						16.788410,
						23.177319,
					]
				}
				m_flSphereRadius = 62.562935
			},
			{
				m_boneName = "thigh_R"
				m_parentName = "hip0_0"
				m_invBindPose = 
				[
					-0.364385,
					0.220906,
					0.904668,
					-43.014065,
					0.267736,
					0.955293,
					-0.125428,
					11.234278,
					-0.891931,
					0.196508,
					-0.407239,
					34.739723,
				]
				m_bbox = 
				{
					m_vecCenter = 
					[
						-9.287947,
						-12.447855,
						0.751877,
					]
					m_vecSize = 
					[
						29.555727,
						24.036619,
						40.601997,
					]
				}
				m_flSphereRadius = 46.447018
			},
			{
				m_boneName = "tail_R4C0"
				m_parentName = "tail_R3C0"
				m_invBindPose = 
				[
					-0.960511,
					-0.003925,
					0.278215,
					-69.290199,
					0.278218,
					-0.000062,
					0.960518,
					-20.178293,
					-0.003752,
					0.999992,
					0.001152,
					-0.306049,
				]
				m_bbox = 
				{
					m_vecCenter = 
					[
						13.628880,
						13.705683,
						-0.024324,
					]
					m_vecSize = 
					[
						32.524860,
						9.815563,
						24.469515,
					]
				}
				m_flSphereRadius = 46.724075
			},
			{
				m_boneName = "thigh_L"
				m_parentName = "hip0_0"
				m_invBindPose = 
				[
					0.366789,
					0.215140,
					-0.905086,
					43.053730,
					-0.250062,
					0.959887,
					0.126828,
					-11.564985,
					0.896066,
					0.179808,
					0.405875,
					-34.581718,
				]
				m_bbox = 
				{
					m_vecCenter = 
					[
						9.348625,
						10.327240,
						-1.026337,
					]
					m_vecSize = 
					[
						29.557743,
						28.092033,
						40.547493,
					]
				}
				m_flSphereRadius = 46.447002
			},
			{
				m_boneName = "finger_R_R0C1"
				m_parentName = "wrist_R"
				m_invBindPose = 
				[
					-0.557939,
					-0.682065,
					0.472749,
					-39.286270,
					-0.297880,
					-0.367099,
					-0.881196,
					20.077253,
					0.774578,
					-0.632476,
					0.001645,
					-130.683853,
				]
				m_bbox = 
				{
					m_vecCenter = 
					[
						23.594233,
						-4.318338,
						-2.622292,
					]
					m_vecSize = 
					[
						33.166435,
						15.722778,
						19.622887,
					]
				}
				m_flSphereRadius = 58.193233
			},
			{
				m_boneName = "finger_R_R0C2"
				m_parentName = "wrist_R"
				m_invBindPose = 
				[
					-0.753455,
					-0.299016,
					0.585572,
					11.865372,
					-0.543152,
					-0.218830,
					-0.810617,
					53.886353,
					0.370528,
					-0.928818,
					0.002467,
					-122.426987,
				]
				m_bbox = 
				{
					m_vecCenter = 
					[
						17.773895,
						-5.586544,
						-3.931686,
					]
					m_vecSize = 
					[
						25.729771,
						12.823116,
						26.494110,
					]
				}
				m_flSphereRadius = 46.904224
			},
			{
				m_boneName = "membrane_R_R0C1"
				m_parentName = "wrist_R"
				m_invBindPose = 
				[
					-0.787715,
					0.147553,
					0.598108,
					55.423409,
					0.588489,
					-0.106870,
					0.801411,
					-89.846611,
					0.182170,
					0.983263,
					-0.002650,
					70.379196,
				]
				m_bbox = 
				{
					m_vecCenter = 
					[
						11.180073,
						0.210258,
						1.209908,
					]
					m_vecSize = 
					[
						22.365780,
						10.559601,
						34.672585,
					]
				}
				m_flSphereRadius = 46.227173
			},
			{
				m_boneName = "finger_R_R0C0"
				m_parentName = "wrist_R"
				m_invBindPose = 
				[
					-0.293171,
					-0.916044,
					0.273704,
					-77.625778,
					-0.082681,
					-0.260918,
					-0.961814,
					10.559135,
					0.952478,
					-0.304606,
					0.000754,
					-117.306007,
				]
				m_bbox = 
				{
					m_vecCenter = 
					[
						26.174217,
						-2.693409,
						-2.701889,
					]
					m_vecSize = 
					[
						44.077446,
						20.602146,
						17.568855,
					]
				}
				m_flSphereRadius = 70.519897
			},
			{
				m_boneName = "membrane_R_R0C0"
				m_parentName = "elbow_R"
				m_invBindPose = 
				[
					-0.870479,
					-0.041994,
					0.490410,
					5.307295,
					0.461725,
					-0.414838,
					0.784040,
					-89.997406,
					0.170515,
					0.908926,
					0.380498,
					7.285185,
				]
				m_bbox = 
				{
					m_vecCenter = 
					[
						10.780237,
						-7.581682,
						-1.338801,
					]
					m_vecSize = 
					[
						35.111259,
						32.787888,
						32.409336,
					]
				}
				m_flSphereRadius = 57.837299
			},
			{
				m_boneName = "neck07"
				m_parentName = "neck06"
				m_invBindPose = 
				[
					0.992027,
					0.000009,
					0.126027,
					-129.460449,
					-0.126027,
					0.000001,
					0.992027,
					-13.156828,
					0.000009,
					-1.000000,
					0.000002,
					-0.001217,
				]
				m_bbox = 
				{
					m_vecCenter = 
					[
						4.240593,
						-0.417501,
						0.000004,
					]
					m_vecSize = 
					[
						20.722725,
						18.554102,
						14.586697,
					]
				}
				m_flSphereRadius = 31.156509
			},
			{
				m_boneName = "membrane_L_R0C1"
				m_parentName = "elbow_L"
				m_invBindPose = 
				[
					-0.207095,
					0.544848,
					0.812559,
					-67.490761,
					0.684685,
					-0.512540,
					0.518179,
					-42.127415,
					0.698797,
					0.663659,
					-0.266905,
					-43.023125,
				]
				m_bbox = 
				{
					m_vecCenter = 
					[
						2.438717,
						-7.060497,
						-14.300720,
					]
					m_vecSize = 
					[
						33.078396,
						27.504112,
						39.682350,
					]
				}
				m_flSphereRadius = 57.448978
			},
			{
				m_boneName = "membrane_L_R0C0"
				m_parentName = "wrist_L"
				m_invBindPose = 
				[
					-0.787718,
					-0.147540,
					0.598107,
					55.422333,
					0.608758,
					-0.037631,
					0.792463,
					-78.625015,
					-0.094413,
					0.988340,
					0.119459,
					-82.727371,
				]
				m_bbox = 
				{
					m_vecCenter = 
					[
						11.175644,
						1.967915,
						-0.788698,
					]
					m_vecSize = 
					[
						22.361374,
						8.827427,
						34.420937,
					]
				}
				m_flSphereRadius = 46.228340
			},
			{
				m_boneName = "finger_L_R0C0"
				m_parentName = "wrist_L"
				m_invBindPose = 
				[
					-0.293164,
					0.916045,
					0.273708,
					-77.626755,
					0.878249,
					0.144902,
					0.455720,
					-108.340561,
					0.377800,
					0.373985,
					-0.846996,
					-46.197586,
				]
				m_bbox = 
				{
					m_vecCenter = 
					[
						26.174007,
						0.196758,
						-2.796715,
					]
					m_vecSize = 
					[
						44.077274,
						10.471889,
						24.669395,
					]
				}
				m_flSphereRadius = 70.519539
			},
			{
				m_boneName = "finger_L_R0C2"
				m_parentName = "wrist_L"
				m_invBindPose = 
				[
					-0.765826,
					0.258850,
					0.588649,
					16.736191,
					0.636048,
					0.439610,
					0.634181,
					-119.887733,
					-0.094618,
					0.860081,
					-0.501306,
					-58.135117,
				]
				m_bbox = 
				{
					m_vecCenter = 
					[
						17.823952,
						2.288189,
						-5.183422,
					]
					m_vecSize = 
					[
						25.689331,
						17.324535,
						27.024540,
					]
				}
				m_flSphereRadius = 46.903934
			},
			{
				m_boneName = "finger_L_R0C1"
				m_parentName = "wrist_L"
				m_invBindPose = 
				[
					-0.557941,
					0.682067,
					0.472745,
					-39.286087,
					0.797039,
					0.281748,
					0.534178,
					-116.223541,
					0.231151,
					0.674836,
					-0.700833,
					-63.034744,
				]
				m_bbox = 
				{
					m_vecCenter = 
					[
						23.594286,
						0.667694,
						-5.562479,
					]
					m_vecSize = 
					[
						33.166351,
						11.582748,
						21.652826,
					]
				}
				m_flSphereRadius = 58.193275
			},
			{
				m_boneName = "knee_R"
				m_parentName = "thigh_R"
				m_invBindPose = 
				[
					0.945627,
					-0.285489,
					-0.155841,
					-23.369278,
					0.267736,
					0.955293,
					-0.125428,
					11.234258,
					0.184682,
					0.076884,
					0.979786,
					-27.708311,
				]
				m_bbox = 
				{
					m_vecCenter = 
					[
						-7.870529,
						1.102106,
						2.846254,
					]
					m_vecSize = 
					[
						17.155666,
						14.982630,
						18.212540,
					]
				}
				m_flSphereRadius = 34.002918
			},
			{
				m_boneName = "tail_R5C0"
				m_parentName = "tail_R4C0"
				m_invBindPose = 
				[
					-0.912127,
					-0.002388,
					0.409901,
					-88.067314,
					0.409901,
					0.000459,
					0.912130,
					-7.931614,
					-0.002366,
					0.999997,
					0.000561,
					-0.173594,
				]
				m_bbox = 
				{
					m_vecCenter = 
					[
						5.237572,
						14.199797,
						-0.003815,
					]
					m_vecSize = 
					[
						37.404984,
						13.949194,
						24.469629,
					]
				}
				m_flSphereRadius = 43.539303
			},
			{
				m_boneName = "knee_L"
				m_parentName = "thigh_L"
				m_invBindPose = 
				[
					-0.950524,
					-0.268310,
					0.156569,
					23.233532,
					-0.250062,
					0.959887,
					0.126828,
					-11.564970,
					-0.184318,
					0.081401,
					-0.979490,
					27.639542,
				]
				m_bbox = 
				{
					m_vecCenter = 
					[
						7.864486,
						-0.922465,
						-2.888739,
					]
					m_vecSize = 
					[
						17.316383,
						14.953297,
						18.242456,
					]
				}
				m_flSphereRadius = 34.083176
			},
			{
				m_boneName = "finger_R_R1C1"
				m_parentName = "finger_R_R0C1"
				m_invBindPose = 
				[
					-0.695545,
					-0.532566,
					0.482277,
					-39.132217,
					-0.381471,
					-0.295087,
					-0.876016,
					34.369247,
					0.608849,
					-0.793283,
					0.002088,
					-138.455643,
				]
				m_bbox = 
				{
					m_vecCenter = 
					[
						17.540379,
						-2.536415,
						-0.182011,
					]
					m_vecSize = 
					[
						51.693653,
						16.832550,
						26.299351,
					]
				}
				m_flSphereRadius = 71.324707
			},
			{
				m_boneName = "finger_R_R1C2"
				m_parentName = "finger_R_R0C2"
				m_invBindPose = 
				[
					-0.806445,
					-0.056843,
					0.588570,
					18.157679,
					-0.586878,
					-0.044679,
					-0.808442,
					74.994186,
					0.072251,
					-0.997383,
					0.002671,
					-109.782776,
				]
				m_bbox = 
				{
					m_vecCenter = 
					[
						19.828392,
						-0.216738,
						-3.631607,
					]
					m_vecSize = 
					[
						47.487671,
						13.150061,
						35.053711,
					]
				}
				m_flSphereRadius = 73.202774
			},
			{
				m_boneName = "membrane_R_R1C1"
				m_parentName = "membrane_R_R0C1"
				m_invBindPose = 
				[
					-0.787725,
					0.147522,
					0.598102,
					35.471928,
					0.588487,
					-0.106845,
					0.801416,
					-89.844696,
					0.182131,
					0.983271,
					-0.002650,
					70.382561,
				]
				m_bbox = 
				{
					m_vecCenter = 
					[
						23.683815,
						-4.673897,
						1.210035,
					]
					m_vecSize = 
					[
						48.298088,
						17.286980,
						34.672745,
					]
				}
				m_flSphereRadius = 75.534210
			},
			{
				m_boneName = "finger_R_R1C0"
				m_parentName = "finger_R_R0C0"
				m_invBindPose = 
				[
					-0.592999,
					-0.726608,
					0.346978,
					-58.558273,
					-0.218029,
					-0.269925,
					-0.937872,
					19.554159,
					0.775123,
					-0.631808,
					0.001644,
					-144.979172,
				]
				m_bbox = 
				{
					m_vecCenter = 
					[
						65.286858,
						7.079804,
						-10.536861,
					]
					m_vecSize = 
					[
						94.429893,
						32.763489,
						30.196926,
					]
				}
				m_flSphereRadius = 164.427414
			},
			{
				m_boneName = "membrane_R_R1C0"
				m_parentName = "membrane_R_R0C0"
				m_invBindPose = 
				[
					-0.963005,
					0.141909,
					0.229094,
					22.859653,
					0.227736,
					-0.025957,
					0.973377,
					-74.819107,
					0.144078,
					0.989539,
					-0.007321,
					37.279144,
				]
				m_bbox = 
				{
					m_vecCenter = 
					[
						18.407824,
						-12.173231,
						-11.438255,
					]
					m_vecSize = 
					[
						55.911804,
						25.337210,
						50.455269,
					]
				}
				m_flSphereRadius = 84.059822
			},
			{
				m_boneName = "neck08"
				m_parentName = "neck07"
				m_invBindPose = 
				[
					0.129435,
					0.000003,
					0.991588,
					-47.737640,
					-0.000008,
					1.000000,
					-0.000002,
					0.001123,
					-0.991588,
					-0.000007,
					0.129435,
					130.335999,
				]
				m_bbox = 
				{
					m_vecCenter = 
					[
						-11.700113,
						-0.000028,
						-11.461494,
					]
					m_vecSize = 
					[
						4.405573,
						11.891799,
						8.977394,
					]
				}
				m_flSphereRadius = 24.728004
			},
			{
				m_boneName = "membrane_L_R1C1"
				m_parentName = "membrane_L_R0C1"
				m_invBindPose = 
				[
					-0.963178,
					-0.141976,
					0.228325,
					22.920443,
					0.249401,
					-0.154553,
					0.955988,
					-66.764580,
					-0.100439,
					0.977730,
					0.184271,
					-50.258183,
				]
				m_bbox = 
				{
					m_vecCenter = 
					[
						18.418774,
						-12.908482,
						10.317314,
					]
					m_vecSize = 
					[
						55.929684,
						22.278095,
						52.434940,
					]
				}
				m_flSphereRadius = 84.055649
			},
			{
				m_boneName = "membrane_L_R1C0"
				m_parentName = "membrane_L_R0C0"
				m_invBindPose = 
				[
					-0.787718,
					-0.147540,
					0.598107,
					35.472389,
					0.608758,
					-0.037631,
					0.792463,
					-78.625114,
					-0.094413,
					0.988340,
					0.119459,
					-82.727371,
				]
				m_bbox = 
				{
					m_vecCenter = 
					[
						22.415993,
						-3.641968,
						-0.788721,
					]
					m_vecSize = 
					[
						47.030525,
						14.437218,
						34.420937,
					]
				}
				m_flSphereRadius = 72.295929
			},
			{
				m_boneName = "finger_L_R1C0"
				m_parentName = "finger_L_R0C0"
				m_invBindPose = 
				[
					-0.607246,
					0.695069,
					0.384879,
					-54.800983,
					0.750043,
					0.341711,
					0.566276,
					-127.501465,
					0.262084,
					0.632544,
					-0.728834,
					-74.635155,
				]
				m_bbox = 
				{
					m_vecCenter = 
					[
						64.768036,
						-12.722973,
						0.017681,
					]
					m_vecSize = 
					[
						93.726532,
						23.450420,
						30.654980,
					]
				}
				m_flSphereRadius = 164.427353
			},
			{
				m_boneName = "finger_L_R1C2"
				m_parentName = "finger_L_R0C2"
				m_invBindPose = 
				[
					-0.806440,
					0.056834,
					0.588578,
					18.157530,
					0.590960,
					0.112007,
					0.798888,
					-91.255539,
					-0.020521,
					0.992081,
					-0.123913,
					-96.688980,
				]
				m_bbox = 
				{
					m_vecCenter = 
					[
						19.828037,
						1.057098,
						-4.236755,
					]
					m_vecSize = 
					[
						47.487484,
						13.401131,
						36.072159,
					]
				}
				m_flSphereRadius = 73.202469
			},
			{
				m_boneName = "finger_L_R1C1"
				m_parentName = "finger_L_R0C1"
				m_invBindPose = 
				[
					-0.695543,
					0.532563,
					0.482283,
					-39.132530,
					0.692986,
					0.320022,
					0.646032,
					-119.044243,
					0.189712,
					0.783558,
					-0.591648,
					-78.610214,
				]
				m_bbox = 
				{
					m_vecCenter = 
					[
						17.540188,
						2.967972,
						-3.711344,
					]
					m_vecSize = 
					[
						51.693539,
						13.858360,
						27.585443,
					]
				}
				m_flSphereRadius = 71.324409
			},
			{
				m_boneName = "ankle_R"
				m_parentName = "knee_R"
				m_invBindPose = 
				[
					-0.363648,
					0.093890,
					0.926793,
					-22.582670,
					0.245888,
					0.969297,
					-0.001717,
					8.064923,
					-0.898499,
					0.227262,
					-0.375569,
					18.413086,
				]
				m_bbox = 
				{
					m_vecCenter = 
					[
						-0.919249,
						1.599073,
						-6.280997,
					]
					m_vecSize = 
					[
						28.263504,
						13.493544,
						14.149473,
					]
				}
				m_flSphereRadius = 31.666424
			},
			{
				m_boneName = "tail_R6C0"
				m_parentName = "tail_R5C0"
				m_invBindPose = 
				[
					-0.909698,
					0.003109,
					0.415259,
					-104.911652,
					0.415262,
					0.000389,
					0.909702,
					-7.314281,
					0.002666,
					0.999995,
					-0.001645,
					0.402237,
				]
				m_bbox = 
				{
					m_vecCenter = 
					[
						3.256260,
						4.891190,
						0.127465,
					]
					m_vecSize = 
					[
						22.633205,
						4.712082,
						16.030121,
					]
				}
				m_flSphereRadius = 27.310894
			},
			{
				m_boneName = "ankle_L"
				m_parentName = "knee_L"
				m_invBindPose = 
				[
					0.364276,
					0.091380,
					-0.926797,
					22.596344,
					-0.239312,
					0.970941,
					0.001671,
					-8.257098,
					0.900018,
					0.221185,
					0.375559,
					-18.379936,
				]
				m_bbox = 
				{
					m_vecCenter = 
					[
						0.775405,
						2.260124,
						6.240143,
					]
					m_vecSize = 
					[
						28.401863,
						9.485948,
						14.129303,
					]
				}
				m_flSphereRadius = 32.244610
			},
			{
				m_boneName = "finger_R_R2C1"
				m_parentName = "finger_R_R1C1"
				m_invBindPose = 
				[
					-0.829391,
					-0.325417,
					0.454108,
					-29.602797,
					-0.421719,
					-0.168445,
					-0.890944,
					54.456444,
					0.366420,
					-0.930447,
					0.002472,
					-144.534409,
				]
				m_bbox = 
				{
					m_vecCenter = 
					[
						18.448757,
						0.854090,
						-7.064068,
					]
					m_vecSize = 
					[
						57.979435,
						16.280962,
						38.313931,
					]
				}
				m_flSphereRadius = 81.120461
			},
			{
				m_boneName = "finger_R_R2C2"
				m_parentName = "finger_R_R1C2"
				m_invBindPose = 
				[
					-0.806426,
					-0.056819,
					0.588599,
					-3.291801,
					-0.586908,
					-0.044665,
					-0.808421,
					74.995903,
					0.072224,
					-0.997385,
					0.002671,
					-109.781654,
				]
				m_bbox = 
				{
					m_vecCenter = 
					[
						10.017269,
						1.536875,
						-7.383245,
					]
					m_vecSize = 
					[
						37.070835,
						14.844866,
						45.891357,
					]
				}
				m_flSphereRadius = 67.171936
			},
			{
				m_boneName = "membrane_R_R2C1"
				m_parentName = "membrane_R_R1C1"
				m_invBindPose = 
				[
					-0.787712,
					0.147533,
					0.598116,
					15.521297,
					0.588501,
					-0.106848,
					0.801405,
					-89.845009,
					0.182141,
					0.983269,
					-0.002658,
					70.382370,
				]
				m_bbox = 
				{
					m_vecCenter = 
					[
						15.067024,
						-7.242706,
						14.024914,
					]
					m_vecSize = 
					[
						40.069889,
						18.012184,
						48.622822,
					]
				}
				m_flSphereRadius = 75.803421
			},
			{
				m_boneName = "finger_R_R2C0"
				m_parentName = "finger_R_R1C0"
				m_invBindPose = 
				[
					-0.839121,
					-0.453593,
					0.300216,
					-46.811516,
					-0.262939,
					-0.144908,
					-0.953868,
					43.367725,
					0.476172,
					-0.879349,
					0.002328,
					-169.845276,
				]
				m_bbox = 
				{
					m_vecCenter = 
					[
						28.931450,
						6.340826,
						-9.901600,
					]
					m_vecSize = 
					[
						80.731171,
						27.290094,
						40.376011,
					]
				}
				m_flSphereRadius = 117.632561
			},
			{
				m_boneName = "membrane_R_R2C0"
				m_parentName = "membrane_R_R1C0"
				m_invBindPose = 
				[
					-0.963005,
					0.141909,
					0.229094,
					-0.485100,
					0.227736,
					-0.025957,
					0.973377,
					-74.819183,
					0.144078,
					0.989539,
					-0.007321,
					37.279266,
				]
				m_bbox = 
				{
					m_vecCenter = 
					[
						-19.853001,
						-2.688580,
						-1.797800,
					]
					m_vecSize = 
					[
						30.029034,
						15.852482,
						37.545914,
					]
				}
				m_flSphereRadius = 54.221413
			},
			{
				m_boneName = "head1"
				m_parentName = "neck08"
				m_invBindPose = 
				[
					0.999889,
					0.000000,
					-0.014868,
					-134.951019,
					0.000000,
					1.000000,
					0.000004,
					-0.000111,
					0.014868,
					-0.000004,
					0.999889,
					-32.475948,
				]
				m_bbox = 
				{
					m_vecCenter = 
					[
						23.775154,
						0.000006,
						5.982899,
					]
					m_vecSize = 
					[
						42.606041,
						15.631397,
						23.108791,
					]
				}
				m_flSphereRadius = 66.434761
			},
			{
				m_boneName = "neckFur_R_R0C3"
				m_parentName = "neck07"
				m_invBindPose = 
				[
					0.010149,
					-0.000002,
					-0.999949,
					25.638617,
					0.000006,
					-1.000000,
					0.000002,
					-7.868084,
					-0.999949,
					-0.000006,
					-0.010149,
					128.821121,
				]
				m_bbox = 
				{
					m_vecCenter = 
					[
						3.257164,
						-0.051410,
						-6.004356,
					]
					m_vecSize = 
					[
						10.770277,
						7.815667,
						14.785103,
					]
				}
				m_flSphereRadius = 26.284248
			},
			{
				m_boneName = "neckFur_L_R0C3"
				m_parentName = "neck07"
				m_invBindPose = 
				[
					0.010149,
					-0.000002,
					-0.999949,
					25.638618,
					0.000006,
					-1.000000,
					0.000002,
					8.102035,
					-0.999949,
					-0.000006,
					-0.010149,
					128.821075,
				]
				m_bbox = 
				{
					m_vecCenter = 
					[
						3.195876,
						-1.612959,
						-2.958561,
					]
					m_vecSize = 
					[
						10.709032,
						5.915462,
						11.739025,
					]
				}
				m_flSphereRadius = 20.651096
			},
			{
				m_boneName = "neckFur_L_R0C1"
				m_parentName = "neck05"
				m_invBindPose = 
				[
					0.001235,
					-0.000001,
					-0.999999,
					29.446451,
					-0.000058,
					-1.000000,
					0.000001,
					8.109580,
					-0.999999,
					0.000058,
					-0.001235,
					118.399780,
				]
				m_bbox = 
				{
					m_vecCenter = 
					[
						-11.295652,
						4.251447,
						0.993645,
					]
					m_vecSize = 
					[
						0.878555,
						0.017145,
						1.822884,
					]
				}
				m_flSphereRadius = 12.927484
			},
			{
				m_boneName = "neckFur_R_R0C1"
				m_parentName = "neck05"
				m_invBindPose = 
				[
					0.001235,
					-0.000001,
					-0.999999,
					29.446453,
					-0.000058,
					-1.000000,
					0.000001,
					-7.860544,
					-0.999999,
					0.000058,
					-0.001235,
					118.400696,
				]
				m_bbox = 
				{
					m_vecCenter = 
					[
						-11.295647,
						-4.015978,
						0.994072,
					]
					m_vecSize = 
					[
						0.878555,
						0.017355,
						1.822914,
					]
				}
				m_flSphereRadius = 12.851690
			},
			{
				m_boneName = "neckFur_R_R0C2"
				m_parentName = "neck05"
				m_invBindPose = 
				[
					0.001235,
					-0.000001,
					-0.999999,
					29.446457,
					-0.000058,
					-1.000000,
					0.000001,
					-7.860224,
					-0.999999,
					0.000058,
					-0.001235,
					124.021118,
				]
				m_bbox = 
				{
					m_vecCenter = 
					[
						0.000000,
						0.000000,
						0.000000,
					]
					m_vecSize = 
					[
						0.000000,
						0.000000,
						0.000000,
					]
				}
				m_flSphereRadius = 0.000000
			},
			{
				m_boneName = "neckFur_L_R0C2"
				m_parentName = "neck05"
				m_invBindPose = 
				[
					0.001235,
					-0.000001,
					-0.999999,
					29.446463,
					-0.000058,
					-1.000000,
					0.000001,
					8.109901,
					-0.999999,
					0.000058,
					-0.001235,
					124.020203,
				]
				m_bbox = 
				{
					m_vecCenter = 
					[
						0.000000,
						0.000000,
						0.000000,
					]
					m_vecSize = 
					[
						0.000000,
						0.000000,
						0.000000,
					]
				}
				m_flSphereRadius = 0.000000
			},
			{
				m_boneName = "neckFur_L_R0C0"
				m_parentName = "neck04"
				m_invBindPose = 
				[
					0.014298,
					-0.000009,
					-0.999898,
					28.014278,
					-0.000017,
					-1.000000,
					0.000008,
					8.104357,
					-0.999898,
					0.000017,
					-0.014298,
					107.594856,
				]
				m_bbox = 
				{
					m_vecCenter = 
					[
						0.000000,
						0.000000,
						0.000000,
					]
					m_vecSize = 
					[
						0.000000,
						0.000000,
						0.000000,
					]
				}
				m_flSphereRadius = 0.000000
			},
			{
				m_boneName = "neckFur_R_R0C0"
				m_parentName = "neck04"
				m_invBindPose = 
				[
					0.014298,
					-0.000009,
					-0.999898,
					28.014282,
					-0.000017,
					-1.000000,
					0.000008,
					-7.865761,
					-0.999898,
					0.000017,
					-0.014298,
					107.594826,
				]
				m_bbox = 
				{
					m_vecCenter = 
					[
						0.000000,
						0.000000,
						0.000000,
					]
					m_vecSize = 
					[
						0.000000,
						0.000000,
						0.000000,
					]
				}
				m_flSphereRadius = 0.000000
			},
			{
				m_boneName = "membrane_L_R2C1"
				m_parentName = "membrane_L_R1C1"
				m_invBindPose = 
				[
					-0.963178,
					-0.141976,
					0.228325,
					5.911276,
					0.249402,
					-0.154553,
					0.955988,
					-66.765121,
					-0.100439,
					0.977730,
					0.184271,
					-50.258217,
				]
				m_bbox = 
				{
					m_vecCenter = 
					[
						-15.206628,
						-2.249063,
						-1.165653,
					]
					m_vecSize = 
					[
						28.436592,
						11.618143,
						40.952007,
					]
				}
				m_flSphereRadius = 48.470917
			},
			{
				m_boneName = "membrane_L_R2C0"
				m_parentName = "membrane_L_R1C0"
				m_invBindPose = 
				[
					-0.787718,
					-0.147540,
					0.598107,
					15.522404,
					0.608758,
					-0.037631,
					0.792463,
					-78.625175,
					-0.094413,
					0.988340,
					0.119459,
					-82.727364,
				]
				m_bbox = 
				{
					m_vecCenter = 
					[
						13.163366,
						-3.642029,
						-14.420744,
					]
					m_vecSize = 
					[
						38.166473,
						14.437218,
						49.555733,
					]
				}
				m_flSphereRadius = 74.177887
			},
			{
				m_boneName = "finger_L_R2C0"
				m_parentName = "finger_L_R1C0"
				m_invBindPose = 
				[
					-0.839117,
					0.453601,
					0.300215,
					-46.812927,
					0.492321,
					0.398630,
					0.773766,
					-134.775925,
					0.231306,
					0.797082,
					-0.557814,
					-112.085564,
				]
				m_bbox = 
				{
					m_vecCenter = 
					[
						28.931541,
						-4.252987,
						-2.859194,
					]
					m_vecSize = 
					[
						80.731285,
						14.966015,
						46.905296,
					]
				}
				m_flSphereRadius = 117.632591
			},
			{
				m_boneName = "finger_L_R2C2"
				m_parentName = "finger_L_R1C2"
				m_invBindPose = 
				[
					-0.806440,
					0.056834,
					0.588578,
					-3.291691,
					0.590960,
					0.112007,
					0.798888,
					-91.255653,
					-0.020521,
					0.992081,
					-0.123913,
					-96.688980,
				]
				m_bbox = 
				{
					m_vecCenter = 
					[
						10.017355,
						-2.810150,
						-6.073555,
					]
					m_vecSize = 
					[
						37.071297,
						17.613625,
						46.198677,
					]
				}
				m_flSphereRadius = 63.810818
			},
			{
				m_boneName = "finger_L_R2C1"
				m_parentName = "finger_L_R1C1"
				m_invBindPose = 
				[
					-0.829388,
					0.325420,
					0.454113,
					-29.603844,
					0.554767,
					0.383776,
					0.738207,
					-126.290848,
					0.065950,
					0.864186,
					-0.498831,
					-88.916481,
				]
				m_bbox = 
				{
					m_vecCenter = 
					[
						18.448700,
						0.094139,
						-4.433851,
					]
					m_vecSize = 
					[
						57.979378,
						17.729744,
						38.815430,
					]
				}
				m_flSphereRadius = 81.120392
			},
			{
				m_boneName = "chest_fix"
				m_parentName = "spine1"
				m_invBindPose = 
				[
					-0.044271,
					-0.003240,
					-0.999014,
					38.680889,
					-0.000144,
					0.999995,
					-0.003237,
					0.125334,
					0.999020,
					0.000000,
					-0.044271,
					-54.361595,
				]
				m_bbox = 
				{
					m_vecCenter = 
					[
						18.658724,
						0.053043,
						13.547832,
					]
					m_vecSize = 
					[
						2.339417,
						16.607512,
						3.805981,
					]
				}
				m_flSphereRadius = 27.193634
			},
			{
				m_boneName = "toeBase_R"
				m_parentName = "ankle_R"
				m_invBindPose = 
				[
					0.965917,
					-0.258763,
					-0.006746,
					-16.990419,
					0.258757,
					0.965941,
					-0.001807,
					7.839632,
					0.006984,
					-0.000001,
					0.999976,
					-7.353417,
				]
				m_bbox = 
				{
					m_vecCenter = 
					[
						5.343145,
						-0.244822,
						8.090114,
					]
					m_vecSize = 
					[
						19.193439,
						16.962862,
						12.205796,
					]
				}
				m_flSphereRadius = 27.123739
			},
			{
				m_boneName = "tail_R7C0"
				m_parentName = "tail_R6C0"
				m_invBindPose = 
				[
					-0.939141,
					0.001657,
					0.343528,
					-120.779587,
					0.343529,
					0.000629,
					0.939142,
					-16.722675,
					0.001340,
					0.999998,
					-0.001160,
					0.231673,
				]
				m_bbox = 
				{
					m_vecCenter = 
					[
						-9.587639,
						3.886618,
						0.055402,
					]
